275.76
275.76
275.76
275.76
275.761
275.761
275.759
275.76
275.76
275.759
275.759
275.757
275.758
275.759
275.758
275.758
275.757
275.759
275.765
275.765
275.767
275.766
275.764
275.764
275.766
275.765
275.765
275.764
275.766
275.766
275.765
275.766
275.764
275.767
275.764
275.766
275.764
275.764
275.763
275.763
275.767
275.762
275.761
275.762
275.763
275.764
275.764
275.765
275.765
275.763
275.762
275.767
275.766
275.767
275.763
275.764
275.766
275.764
275.763
275.764
275.763
275.764
275.765
275.762
275.763
275.766
275.766
275.763
275.764
275.766
275.762
275.763
275.764
275.765
275.762
275.763
275.765
275.763
275.763
275.764
275.763
275.762
275.766
275.762
275.766
275.766
275.761
275.761
275.761
275.759
275.758
275.76
275.767
275.767
275.766
275.766
275.764
275.766
275.767
275.766
275.767
275.767
275.767
275.767
275.767
275.767
275.762
275.763
275.762
275.761
275.763
275.762
275.762
275.762
275.762
275.761
275.762
275.761
275.761
275.767
275.763
275.762
275.764
275.764
275.765
275.762
275.765
275.762
275.766
275.762
275.762
275.767
275.767
275.767
275.761
275.76
275.768
275.767
275.768
275.763
275.764
275.765
275.768
275.768
275.768
275.767
275.767
275.768
275.768
275.763
275.768
275.762
275.759
275.759
275.768
275.768
275.769
275.769
275.768
275.769
275.766
275.768
275.769
275.76
275.76
275.761
275.761
275.759
275.759
275.769
275.768
275.768
275.762
275.762
275.761
275.76
275.758
275.761
275.761
275.761
275.761
275.761
275.76
275.761
275.761
275.761
275.762
275.761
275.767
275.766
275.761
275.76
275.761
275.761
275.761
275.766
275.76
275.767
275.76
275.76
275.759
275.759
275.768
275.757
275.757
275.763
275.765
275.759
275.758
275.767
275.768
275.768
275.759
275.76
275.758
275.757
275.769
275.759
275.757
275.757
275.758
275.769
275.768
275.768
275.769
275.769
275.757
275.757
275.756
275.756
275.757
275.763
275.762
275.768
275.767
275.768
275.756
275.768
275.768
275.768
275.768
275.768
275.762
275.769
275.769
275.769
275.769
275.76
275.76
275.769
275.761
275.761
275.77
275.77
275.77
275.77
275.77
275.77
275.77
275.758
275.759
275.77
275.77
275.76
275.77
275.759
275.767
275.757
275.758
275.757
275.766
275.765
275.766
275.761
275.76
275.76
275.76
275.76
275.752
275.753
275.753
275.754
275.753
275.751
275.76
275.754
275.755
275.755
275.756
275.769
275.769
275.756
275.756
275.756
275.757
275.757
275.758
275.758
275.758
275.759
275.759
275.76
275.76
275.761
275.761
275.762
275.762
275.763
275.763
275.764
275.764
275.765
275.764
275.765
275.766
275.758
275.767
275.767
275.764
275.765
275.768
275.768
275.768
275.768
275.757
275.769
275.769
275.756
275.77
275.77
275.768
275.769
275.771
275.766
275.77
275.768
275.769
275.757
275.767
275.767
275.77
275.769
275.766
275.766
275.77
275.769
275.769
275.768
275.769
275.765
275.765
275.77
275.769
275.767
275.767
275.756
275.767
275.768
275.757
275.764
275.764
275.77
275.769
275.763
275.763
275.77
275.769
275.768
275.762
275.762
275.77
275.77
275.767
275.761
275.762
275.771
275.77
275.76
275.761
275.771
275.77
275.756
275.759
275.76
275.771
275.77
275.769
275.758
275.759
275.771
275.77
275.756
275.768
275.755
275.77
275.757
275.758
275.771
275.77
275.756
275.756
275.757
275.772
275.77
275.756
275.756
275.772
275.771
275.77
275.755
275.756
275.772
275.771
275.77
275.77
275.754
275.755
275.772
275.771
275.753
275.754
275.772
275.771
275.752
275.753
275.772
275.771
275.768
275.752
275.772
275.771
275.77
275.753
275.754
275.772
275.771
275.754
275.755
275.772
275.771
275.769
275.769
275.769
275.755
275.756
275.772
275.771
275.756
275.756
275.769
275.772
275.771
275.756
275.757
275.772
275.771
275.757
275.757
275.772
275.771
275.757
275.758
275.772
275.771
275.758
275.758
275.772
275.771
275.758
275.758
275.759
275.772
275.771
275.758
275.759
275.772
275.77
275.759
275.759
275.771
275.77
275.761
275.762
275.76
275.759
275.759
275.771
275.77
275.759
275.76
275.771
275.77
275.759
275.76
275.771
275.77
275.759
275.76
275.771
275.77
275.759
275.76
275.771
275.77
275.759
275.76
275.77
275.77
275.762
275.763
275.759
275.76
275.77
275.77
275.759
275.76
275.755
275.759
275.759
275.77
275.77
275.759
275.76
275.769
275.759
275.76
275.759
275.76
275.76
275.76
275.759
275.76
275.759
275.76
275.76
275.76
275.76
275.759
275.76
275.76
275.76
275.759
275.759
275.759
275.759
275.758
275.759
275.758
275.759
275.76
275.758
275.758
275.76
275.759
275.757
275.758
275.76
275.759
275.759
275.757
275.758
275.759
275.758
275.757
275.757
275.756
275.756
275.758
275.755
275.756
275.755
275.755
275.754
275.754
275.753
275.754
275.752
275.755
275.754
275.766
275.769
275.76
