275.362
275.361
275.359
275.359
275.364
275.362
275.359
275.362
275.36
275.357
275.357
275.355
275.356
275.358
275.356
275.356
275.354
275.357
275.371
275.371
275.374
275.374
275.367
275.367
275.373
275.371
275.373
275.37
275.373
275.375
275.371
275.373
275.369
275.376
275.367
275.372
275.367
275.368
275.364
275.364
275.374
275.366
275.363
275.364
275.366
275.367
275.367
275.371
275.37
275.364
275.363
275.375
275.376
275.376
275.367
275.368
275.371
275.373
275.37
275.373
275.37
275.369
275.372
275.367
275.367
275.376
275.376
275.364
275.367
275.372
275.364
275.364
275.367
275.371
275.363
275.365
275.368
275.364
275.363
275.367
275.363
275.362
275.371
275.361
275.372
275.376
275.365
275.361
275.361
275.36
275.358
275.362
275.375
275.376
275.377
275.372
275.368
275.374
275.374
275.372
275.374
275.375
275.375
275.375
275.379
275.38
275.364
275.364
275.367
275.365
275.363
275.361
275.361
275.36
275.36
275.36
275.359
275.362
275.361
275.38
275.366
275.363
275.369
275.373
275.377
275.361
275.371
275.361
275.374
275.36
275.36
275.377
275.378
275.375
275.358
275.357
275.379
275.377
275.379
275.366
275.369
275.371
275.376
275.377
275.377
275.379
275.379
275.378
275.378
275.37
275.378
275.36
275.36
275.362
275.377
275.377
275.38
275.38
275.377
275.38
275.38
275.38
275.381
275.358
275.358
275.36
275.36
275.356
275.355
275.382
275.382
275.382
275.36
275.36
275.367
275.364
275.358
275.359
275.358
275.359
275.358
275.358
275.358
275.358
275.358
275.359
275.363
275.357
275.375
275.374
275.357
275.356
275.357
275.357
275.356
275.374
275.356
275.377
275.357
275.356
275.354
275.353
275.378
275.353
275.354
275.373
275.377
275.354
275.352
275.375
275.378
275.378
275.357
275.36
275.353
275.351
275.379
275.355
275.35
275.349
275.351
275.381
275.377
275.378
275.38
275.38
275.348
275.348
275.347
275.346
275.349
275.366
275.364
275.377
275.377
275.378
275.352
275.382
275.382
275.383
275.383
275.383
275.37
275.379
275.379
275.38
275.38
275.358
275.359
275.38
275.359
275.359
275.381
275.381
275.381
275.381
275.382
275.383
275.383
275.359
275.361
275.383
275.384
275.355
275.384
275.354
275.377
275.356
275.355
275.357
275.381
275.371
275.374
275.362
275.355
275.355
275.355
275.354
275.341
275.342
275.342
275.344
275.341
275.339
275.354
275.344
275.346
275.346
275.348
275.387
275.386
275.347
275.349
275.35
275.351
275.352
275.353
275.354
275.355
275.356
275.358
275.359
275.36
275.361
275.363
275.363
275.365
275.366
275.368
275.368
275.371
275.371
275.369
275.374
275.373
275.353
275.376
275.376
275.375
275.377
275.379
275.379
275.379
275.379
275.351
275.382
275.382
275.354
275.393
275.392
275.39
275.389
275.395
275.38
275.384
275.384
275.387
275.348
275.386
275.386
275.383
275.381
275.383
275.383
275.383
275.381
275.379
275.38
275.379
275.38
275.38
275.383
275.381
275.376
275.376
275.354
275.383
275.385
275.35
275.377
275.377
275.384
275.381
275.374
275.375
275.384
275.382
275.379
275.371
275.372
275.384
275.382
275.383
275.368
275.369
275.384
275.382
275.366
275.367
275.385
275.382
275.353
275.363
275.365
275.385
275.382
275.388
275.361
275.362
275.385
275.382
275.352
275.386
275.345
275.382
275.358
275.36
275.385
275.383
275.348
275.356
275.357
275.386
275.383
275.354
275.355
275.386
275.383
275.383
275.352
275.353
275.386
275.383
275.383
275.383
275.35
275.351
275.386
275.384
275.348
275.349
275.386
275.384
275.346
275.348
275.387
275.384
275.379
275.346
275.387
275.385
275.384
275.348
275.349
275.387
275.385
275.349
275.35
275.387
275.385
275.385
275.385
275.386
275.35
275.351
275.388
275.385
275.35
275.352
275.386
275.388
275.386
275.351
275.352
275.388
275.386
275.351
275.353
275.389
275.386
275.351
275.353
275.389
275.386
275.352
275.353
275.389
275.387
275.355
275.352
275.354
275.39
275.387
275.352
275.354
275.39
275.387
275.352
275.354
275.39
275.388
275.366
275.368
275.363
275.352
275.354
275.391
275.388
275.352
275.354
275.391
275.389
275.352
275.354
275.391
275.389
275.352
275.354
275.392
275.389
275.352
275.354
275.392
275.389
275.352
275.354
275.392
275.39
275.371
275.373
275.352
275.354
275.393
275.39
275.352
275.353
275.351
275.355
275.356
275.393
275.391
275.351
275.353
275.388
275.356
275.356
275.351
275.353
275.356
275.356
275.351
275.353
275.35
275.352
275.356
275.356
275.356
275.35
275.352
275.356
275.356
275.35
275.352
275.349
275.351
275.349
275.351
275.348
275.35
275.354
275.348
275.35
275.353
275.353
275.347
275.349
275.354
275.352
275.352
275.347
275.349
275.351
275.351
275.346
275.348
275.345
275.347
275.349
275.344
275.346
275.344
275.345
275.342
275.344
275.341
275.342
275.339
275.346
275.344
275.373
275.384
275.356
