0.370919
0.349067
0.348964
0.370753
0.371051
0.349146
0.0272925
0.0270156
0.0317072
0.0314203
0.0231704
0.0229036
0.0240796
0.0239604
0.0235499
0.0234009
0.0246993
0.0245938
0.0235174
0.0229405
0.0241569
0.393188
0.392959
0.393375
0.0193063
0.0190496
0.415779
0.415484
0.416021
0.0156916
0.0154448
-0.0299364
-0.0304012
-0.0132321
-0.0153414
-0.0451399
-0.0439849
0.43858
0.438221
0.438879
0.0122774
0.0120405
-0.0297225
-0.016183
-0.0418308
0.627857
0.638611
0.613003
0.623909
0.641563
0.652184
0.592006
0.591104
0.571678
0.572965
0.610213
0.609478
0.461479
0.461054
0.461833
0.00908805
0.00886061
0.498841
0.478496
0.456786
0.477584
0.518708
0.499003
0.249138
0.220311
0.279814
0.252097
0.217559
0.187703
0.172169
0.196539
0.142067
0.166163
0.201523
0.225744
0.517173
0.496654
0.536501
0.0518948
0.0550261
0.0474804
0.0499539
0.0561851
0.0599275
0.484354
0.483866
0.484764
0.0060256
0.00580781
0.0489616
0.0451573
0.0526453
0.149361
0.119758
0.178204
0.229386
0.205989
0.253736
0.0226504
0.0230021
0.0238766
0.023966
0.0221915
0.0215789
0.1192
0.112912
0.10488
0.110566
0.12156
0.128461
0.0202953
0.023321
0.0203967
0.0232777
0.0200795
0.0232192
0.507085
0.506536
0.507549
0.00319976
0.00299076
0.0224524
0.0224877
0.0222365
0.0223768
0.022696
0.0227452
0.285461
0.295544
0.296168
0.306627
0.276454
0.286025
0.52955
0.528941
0.530065
0.000366288
0.000166845
0.0334218
0.0107241
0.0650445
0.0413466
-0.0195125
0.00244333
0.521449
0.499699
0.507693
0.485651
0.53347
0.512304
-0.00923049
0.020133
-0.0376819
-0.0619143
-0.0328428
-0.0314041
-0.0019252
-0.092222
-0.0631705
0.0450062
0.0426986
0.0410161
0.0392853
0.0460427
0.0488951
0.0202355
0.0203014
0.0231128
0.0229981
0.0174006
0.0176209
-0.085629
-0.0562508
-0.114652
0.551627
0.550961
0.552191
-0.0021281
-0.00232195
0.410479
0.386542
0.434204
0.411014
0.385677
0.360992
0.0473744
0.0427747
0.0518379
0.0201279
0.0231517
0.017151
0.360593
0.386009
0.334081
0.573199
0.57248
0.573809
-0.00485387
-0.0050437
0.658319
0.656192
0.640813
0.64296
0.670548
0.672657
0.659027
0.643675
0.67336
0.012843
0.0291559
0.011154
0.025939
0.0156312
0.0334221
0.594154
0.593385
0.594806
-0.00693456
-0.00713195
0.475004
0.455538
0.513607
0.492598
0.0221251
0.0218202
0.0224478
0.0222319
0.0215319
0.0211561
0.614383
0.613569
0.615075
-0.0101039
-0.0103317
-0.0313749
-0.0352184
-0.0229036
-0.0256886
-0.0386317
-0.0434435
-0.00230862
0.00196368
-0.00180447
0.00232114
-0.00249584
0.00189328
-0.0272862
-0.0197629
-0.033687
0.00585348
0.00607932
0.00588736
0.633789
0.632933
0.634517
-0.0101558
-0.0104949
-0.000501668
0.0023399
0.00584085
0.00798326
-0.00600386
-0.00254046
0.0050957
0.0101097
0.000800478
0.0370083
0.0358699
0.652279
0.651387
0.65304
-0.0122661
-0.0127009
0.331497
0.358675
0.332338
0.30446
0.35739
0.383708
0.240673
0.211568
0.233776
0.261863
0.190568
0.2213
0.0380994
0.304282
0.276396
0.331002
0.0977665
0.0619659
0.127452
0.0926715
0.0681641
0.0315448
0.106069
0.13412
0.669773
0.668847
0.670562
0
0
0.686197
0.685242
0.687012
0.0148286
0.0143818
0
0
0.0172401
0.0168165
0.326184
0.304817
0.349673
0.328585
0.303299
0.281779
0.128199
0.0986448
0.135053
0.163341
0.0932971
0.062655
0.0693924
0.107628
-0.0372047
-0.0646101
-0.0182864
-0.0476171
-0.0775655
-0.0524387
0.701487
0.700507
0.702323
0.0224324
0.022079
0.281436
0.305487
0.258218
0.0216348
0.0296481
0.0293824
0.0222362
0.0300433
0.0211655
0.0195352
0.0212031
0.0181227
0.0201257
0.022038
0.0206937
0.0739902
0.0681881
0.0639165
0.0690804
0.0727949
0.0792591
0.71559
0.714588
0.716445
0.0248437
0.0245207
0.728456
0.727436
0.729327
0.02771
0.0274195
0.0229229
0.0224943
0.0219669
0.0224357
0.0231175
0.740052
0.739018
0.740936
0.029694
0.0294189
0.507954
0.492097
0.490733
0.504925
0.480692
0.50081
-0.00673364
-0.011812
-0.00609287
-0.0109587
-0.00704725
-0.012207
0.105917
0.0982934
0.0858998
0.09257
0.11871
0.110118
-0.00209864
-0.00165153
-0.00228215
0.114415
0.100068
0.128077
-0.060548
-0.0603677
-0.043311
-0.0450285
-0.0760539
-0.0740031
0.0224807
0.0223756
0.75034
0.749293
0.751235
0.0316098
0.0313466
0.154114
0.17803
0.161482
0.138543
0.19598
0.171471
0.0313204
0.0285339
0.0304826
0.0279303
0.0290202
0.0320307
-0.0587403
-0.0706966
0.528668
0.547714
0.552002
0.533076
0.54135
0.52107
0.0967694
0.0480295
0.104691
0.0588702
0.0949818
0.0450627
0.759305
0.758248
0.760209
0.0330209
0.0327616
0.0382357
0.037172
0.039617
0.766911
0.765846
0.767821
0.0342012
0.0339431
0.135849
0.137803
0.773154
0.77208
0.774071
0.035004
0.0347432
0.0233953
0.0230012
0.023562
0.0229023
0.022562
0.256609
0.232324
0.272271
0.248481
0.24313
0.218631
0.542016
0.553916
0.143299
0.169343
0.118436
0.0790588
0.778012
0.776935
0.778932
0.0355092
0.0352447
0.528532
0.608133
0.617666
0.591341
0.601026
0.633309
0.155963
0.178773
-0.0124668
-0.0173588
-0.00977605
-0.0142584
-0.0145459
-0.0197832
0.46858
0.474595
0.597054
0.580067
-0.00784214
-0.00551934
-0.0096155
0.461272
0.781496
0.780419
0.782417
0.0356591
0.0353894
0.022186
0.0216523
0.0224225
0.02115
0.0206124
0.783604
0.782526
0.784526
0.0354739
0.0351966
0.444786
0.455246
0.422232
0.433153
0.467286
0.478728
0.123097
0.154908
0.154814
0.185847
0.0916401
0.124107
-0.0287092
-0.0230658
-0.0333758
-0.0390219
0.462696
0.441687
0.488141
-0.0237707
-0.0188013
-0.0278492
0.784293
0.783214
0.785213
0.0349274
0.0346412
0.0215857
0.0221006
0.0208346
0.783609
0.78253
0.78453
0.0340306
0.0337343
0.781505
0.780428
0.782426
0.0327461
0.0324396
0.0291165
0.0602267
0.0323349
0.0222267
0.0223372
0.778025
0.776948
0.778945
0.0310582
0.0307332
0.773171
0.772097
0.774088
0.0290175
0.0286779
0.0254772
0.0280514
0.0250732
0.0273876
0.0258797
0.0286662
0.766931
0.765866
0.767842
0.0265797
0.0262255
0.759328
0.758271
0.760232
0.0237338
0.0233634
0.750366
0.749318
0.75126
0.020483
0.0200953
0.74008
0.739045
0.740964
0.0168155
0.016409
0.217136
0.247174
0.248839
0.277565
0.216333
0.185412
0.247151
0.216772
0.247443
0.276765
0.186542
0.217766
0.219646
0.187095
0.728484
0.727464
0.729355
0.0127331
0.0123062
0.172034
0.158211
0.153212
0.140202
0.189741
0.175185
0.715619
0.714617
0.716474
0.00822299
0.00777417
0.429283
0.410229
0.42161
0.40211
0.41644
0.435197
0.187101
0.167545
0.20547
-0.0750675
-0.0807208
-0.0661377
-0.0703913
-0.082607
-0.0895236
0.567547
0.586454
0.555898
0.575124
0.577839
0.596474
0.439665
0.420825
0.453687
0.458556
0.0236535
0.0240833
0.0259465
0.0252425
0.0219648
0.0221909
0.547706
0.53571
0.558295
0.442435
0.461901
0.42343
0.0232133
0.0245516
0.0217307
0.0227689
-0.012003
-0.0124737
-0.0072795
-0.00695404
-0.0180624
-0.0174245
0.701516
0.700536
0.702352
0.0032783
0.00280395
0.626658
0.609487
0.624488
0.607289
0.627379
-0.0856258
-0.0737589
-0.0758722
-0.0895599
0.0593327
0.0907912
0.123526
0.0285646
0.060533
0.686225
0.68527
0.68704
-0.00212596
-0.00262793
0.548477
0.561663
0.567176
0.533655
0.5134
0.552648
0.477787
0.498919
0.517076
0.496516
0.478889
0.457102
0.6698
0.668874
0.670589
-0.00799133
-0.00852071
0.0639901
0.0618063
0.0570538
0.0588601
0.0668423
0.0694345
0.171934
0.135524
0.117996
0.156528
0.652304
0.651411
0.653065
-0.0143093
-0.0148688
-0.0537523
-0.0608731
-0.0497544
-0.0561838
-0.0569084
-0.0646004
-0.0468038
-0.0434291
-0.049458
0.633811
0.632955
0.634539
-0.0211086
-0.0217025
0.614402
0.613588
0.615094
-0.0284023
-0.029034
-0.00316889
-0.00596465
0.00389842
0.00199687
-0.00934155
-0.0128866
0.594169
0.5934
0.594822
-0.0362153
-0.036888
0.463186
0.443541
0.48167
0.484689
-0.00035387
0.00596208
-0.00584424
0.0161427
0.0169919
0.0139609
0.0150216
0.0179993
0.0186539
0.46321
0.442892
0.485075
0.573211
0.572492
0.573821
-0.044561
-0.0452795
-0.0725171
-0.0806926
-0.0681198
-0.0754463
-0.0760121
-0.0849211
0.15728
-0.0674912
0.551635
0.550969
0.552199
-0.0534885
-0.0542583
0.103537
0.0775125
0.0897666
0.0649502
0.118709
0.0919664
0.296584
0.31043
0.309125
0.323109
0.281547
0.29525
0.529554
0.528944
0.530068
-0.0630305
-0.0638593
0.177883
0.206085
0.184353
0.156296
0.229276
0.201064
0.279352
0.251944
0.278341
0.305542
0.253804
0.226057
0.0002899
-0.00111846
0.0100157
0.0102803
-0.0110091
-0.00860044
0.0109663
0.507085
0.506535
0.507548
-0.0732812
-0.0741782
0.0263976
0.0262048
0.0264295
0.0313335
0.0336305
0.0322834
0.0349751
0.0303302
0.0322224
0.48435
0.483862
0.484759
-0.084283
-0.0852622
0.0260986
0.053217
0.0702078
0.0417753
0.0134453
0.0388722
0.46147
0.461046
0.461825
-0.0962062
-0.0972792
0.171403
0.145793
0.129154
0.153983
0.163894
0.190322
0.0257543
0.0253591
0.0260519
0.438568
0.438209
0.438867
-0.109091
-0.110281
0.566845
0.570644
0.56124
0.0213207
0.0213969
0.0222352
0.0224819
0.0202236
0.0201384
0.702474
0.708682
0.692496
0.698734
0.711348
0.717532
0.0213358
0.0221049
0.0203655
0.694888
0.684865
0.703797
0.415763
0.415469
0.416006
-0.123286
-0.124611
0.13303
0.146443
0.124262
0.111928
0.153145
0.167474
0.120925
0.100785
0.140139
0.580917
0.562439
0.567224
0.548374
0.593275
0.575124
0.39317
0.392941
0.393357
-0.138794
-0.14031
0.598193
0.584825
0.610266
0.370899
0.370734
0.37103
-0.156534
-0.158268
-0.0177682
-0.0237399
-0.0171665
-0.0229873
-0.0180251
-0.0241351
0.518212
0.537062
0.497942
0.478129
-0.0400889
-0.037141
-0.0423221
-0.0123268
0.719179
0.711656
0.725344
-0.0336304
-0.0311085
-0.0355016
0.349045
0.348942
0.349123
-0.176389
-0.178486
0.591552
-0.00977791
-0.00421298
0.0103594
0.0175064
-0.0246425
-0.0281566
0.327691
0.327648
0.327718
-0.200684
-0.203094
-0.0131348
0.00513913
-0.0299529
0.0227527
0.0229656
0.306938
0.306953
0.306916
-0.227487
-0.230736
0.286858
0.286927
0.28679
-0.266247
-0.270029
0.280159
0.255956
0.23289
0.267491
0.26761
0.26738
-0.305272
-0.311653
0.0230404
0.0199086
0.0141323
0.0162332
0.0137578
0.0159868
0.0145226
0.0164879
0.0495946
0.0355915
0.0536654
0.0383296
0.0462156
0.0334702
0.0262188
0.0262452
0.248889
0.249055
0.248738
-0.389348
-0.394561
-0.0176338
-0.0126909
-0.0145131
-0.0100039
-0.0200768
-0.0147979
0.231094
0.231302
0.230908
-0.463806
-0.486742
-0.000943881
-0.00215715
0.0192077
0.0189381
0.0195205
0.020572
-0.00247125
0.0324992
0.0319269
0.0293378
0.0291667
0.0346705
0.214132
0.214378
0.213914
-0.854852
-0.822578
0.293015
0.289812
0.310177
0.277513
0.310695
0.327648
-0.0811306
-0.0730431
-0.0758402
-0.0685466
-0.0853945
-0.0765702
0.198015
0.198295
0.197769
-0.547146
-0.586978
-0.0650947
-0.0613317
-0.068011
0.18275
0.183059
0.182479
-0.00257807
-0.0217893
0.52598
0.546352
0.520839
0.54139
0.549553
0.528198
0.168332
0.168666
0.168041
0.201225
0.197377
0.309257
0.28675
0.330269
0.308653
0.266669
0.380226
0.400461
0.367024
0.387888
0.391984
0.411572
0.0185242
0.0183833
0.0201023
0.0201193
0.0168129
0.0165309
0.0187146
0.0171361
0.154752
0.155107
0.154444
0.516186
0.536423
0.141993
0.142364
0.141671
2.10501
1.93274
0.06173
0.0569688
0.0590858
0.0547451
0.0639094
0.0587708
0.0667745
0.0636719
0.0693624
0.293288
0.28248
0.301629
0.312624
0.264145
0.274705
0.13003
0.130415
0.129697
3.62637
3.24167
0.118837
0.119231
0.118497
2.10247
1.92995
3.61503
3.2305
0.521499
0.541475
0.191773
0.224671
0.197631
0.108382
0.108783
0.108037
0.203714
0.199795
0.0122235
0.0101691
0.0172272
0.0158372
0.00522211
0.00786729
0.0141886
0.0185981
0.0103628
0.098631
0.0990352
0.0982839
-0.00284911
-0.0220703
0.222817
0.249641
0.192635
0.219814
0.19685
0.166508
0.640495
0.650909
0.636611
0.626025
0.663911
0.653637
0.0895479
0.0899529
0.0892007
-0.548676
-0.588209
0.0810953
0.0814988
0.08075
-0.854397
-0.822405
0.133066
0.12101
0.111822
0.100857
0.146397
0.124361
0.0732352
0.0736351
0.0728934
-0.463853
-0.486743
0.345835
0.32313
0.369038
0.0170137
0.017323
0.0165978
0.0197259
0.0659297
0.0663241
0.0655929
-0.389315
-0.39453
0.0591408
0.0595283
0.0588104
-0.305325
-0.311703
0.0216585
0.0206614
0.0207795
0.0216593
0.0218002
0.0207072
-0.0157796
-0.0161016
-0.0295916
-0.0279761
0.0528321
0.0532114
0.0525091
-0.266265
-0.27005
-0.0147593
0.0280427
0.0292924
0.0307777
0.0292215
0.027672
0.0267085
0.259653
0.273856
0.235707
0.24984
0.279196
0.293255
0.0802102
0.108655
0.0647805
0.0919583
0.0985853
0.127649
0.0268212
0.0277259
0.0257627
0.0469676
0.0473377
0.0466527
-0.227504
-0.230755
0.200383
0.183279
0.218856
0.0415137
0.0418737
0.0412076
-0.200695
-0.203107
0.278928
0.251116
0.304694
0.277462
0.0364365
0.0367859
0.0361399
-0.176401
-0.178499
0.452038
0.43188
0.441117
0.470998
0.442935
0.421164
0.467659
-0.0908871
-0.101393
0.333921
0.338361
0.352684
0.348192
0.32533
0.320981
0.0320454
-0.156543
-0.158278
0.327629
0.341824
0.31482
0.0776165
0.0752231
0.0714411
0.0841979
0.0813886
0.0276193
-0.1388
-0.140316
0.114381
0.281206
0.260066
0.238656
0.25967
0.279896
0.301099
0.0234856
-0.123293
-0.124617
0.0371285
0.0370285
0.0332101
0.0332791
0.0412519
0.0409593
0.0234125
0.0203504
0.0204069
0.0224734
0.0181224
0.0180087
-0.0148808
-0.0132854
-0.00249507
-0.00218338
-0.0231215
-0.0258869
0.647894
0.655716
0.64122
0.0202648
0.0182071
0.0196099
-0.109103
-0.110293
0.203137
0.257548
0.228353
-0.0112066
-0.0012536
-0.0199882
0.0159837
-0.0962192
-0.0972923
0.0125582
-0.0842958
-0.0852753
0.00935727
-0.0732927
-0.0741899
0.553305
0.531613
0.553729
0.534521
0.55123
0.528802
-0.0244503
-0.0280626
-0.00413551
-0.00959713
0.00628427
-0.0630426
-0.0638715
0.00344701
-0.0534994
-0.0542692
0.0311866
0.0290895
0.692484
0.681367
0.698724
0.687644
0.684852
0.673682
0.0681558
0.0638788
0.0619744
0.0583763
0.0690371
0.0739535
0.000604897
-0.0445692
-0.0452878
0.205555
0.218913
0.194709
0.224049
0.0727694
0.0658583
0.0792288
-0.0898178
-0.0859487
-0.101906
-0.0962935
0.585575
0.589316
0.603609
-0.0810474
-0.0898866
-0.00189852
-0.0362222
-0.0368949
0.0557285
0.0524274
0.0413602
0.0435626
0.0679086
0.0636616
0.342351
0.355272
0.360798
0.37315
0.33835
0.325225
0.0594522
0.0727869
0.327311
0.346189
0.309647
0.0504062
0.0309202
0.0807858
0.0600107
0.00226427
-0.00462594
-0.0284062
-0.0290382
0.0141037
-0.0127446
0.101276
0.143903
0.16159
0.122462
0.128481
0.0832908
-0.00670544
-0.0211071
-0.0217015
0.169461
0.183161
-0.00982929
-0.0143053
-0.014865
0.0231493
0.566228
0.561108
0.569495
-0.00980969
-0.00798865
-0.00851796
0.0238894
0.0233603
0.642179
0.654092
0.629502
0.65365
0.665435
0.0240888
0.021727
0.628874
0.616009
0.640507
-0.0118378
-0.00212211
-0.00262411
0.00328388
0.00280941
0.280465
0.30555
0.0139257
0.0163481
0.00823068
0.00778173
0.642963
0.005638
0.00749351
0.00876596
0.010344
0.00215974
0.00435708
0.0198711
0.640819
0.0216506
0.0127427
0.0123156
0.0241439
0.0168273
0.0164204
0.0177229
0.0105752
0.0409956
0.0320978
0.401007
0.37802
0.394849
0.417659
0.358337
0.382073
0.0270768
0.0204969
0.0201088
0.00513303
0.0248996
0.195062
0.170768
0.196076
0.169139
0.176314
0.197079
0.58441
0.570188
0.00224061
0.0290976
0.0237492
0.0233785
0.572859
0.0131963
0.0155622
0.105891
0.114382
0.092536
0.100028
0.11869
0.128052
0.098273
0.0858726
0.110103
0.0175851
0.0310354
0.0265961
0.0262416
0.0140146
0.0144377
0.0207474
0.021636
0.021051
0.0217909
0.0216285
0.0206159
0.0324565
0.0290354
0.0286954
0.185825
0.217006
0.246694
0.156276
0.18819
0.0222129
0.0222314
0.0223157
0.0336386
0.0310769
0.0307515
0.284463
0.269743
0.154077
0.296722
0.0344365
0.0327648
0.0324578
0.135563
0.161521
0.129889
0.104336
0.111277
0.141818
0.0808525
0.0349331
0.0340485
0.0337518
0.416425
0.43141
0.393365
0.408867
0.439457
0.454494
0.0221014
0.0223627
0.0215874
0.0218291
0.097675
0.0910401
0.0831103
0.0889151
0.105662
0.0982953
0.104879
0.0953279
0.113633
0.0350713
0.0349436
0.0346568
0.685927
0.675844
0.694887
0.675602
0.684632
0.0348696
0.035487
0.035209
0.686623
0.698777
0.698082
0.685924
0.698084
0.685926
-0.0690066
0.034304
0.0356685
0.0353981
0.0639881
0.0693419
0.0333854
0.035515
0.0352499
0.0320769
0.0350082
0.0347467
0.0265997
0.0256849
0.0279321
0.0267732
0.0251655
0.024486
0.516106
0.535847
0.027559
0.0291477
0.0258655
0.030349
0.0342006
0.0339417
0.554229
0.0750975
0.09559
0.36369
0.345778
0.341175
0.323069
0.386612
0.368985
0.0282776
0.0330146
0.0327544
0.0258074
0.0315934
0.0313293
0.111433
0.0896991
0.022926
0.0296656
0.0293896
0.355615
0.335278
0.0991911
0.157938
0.164279
0.136907
0.0196374
0.0276685
0.0273775
0.149872
0.140156
0.0152355
0.0168439
0.0157985
0.0173474
0.0146661
0.0163423
0.0159281
0.0247934
0.02447
-0.000623696
0.0130779
0.0408635
0.025534
-0.0254088
-0.0134913
0.0266707
0.0286897
0.0296791
0.024576
0.011801
0.022379
0.0220253
-0.0112389
0.0127928
-0.0340566
0.218148
0.200265
0.223686
0.215078
0.0254295
0.0253262
0.0261761
0.026273
0.00724323
0.017194
0.01677
0.0291554
0.0277217
0.0302488
0.0284948
0.0248948
0.0257317
0.392192
0.412239
0.0802389
0.0899436
0.00224189
0.0147938
0.014347
0.101323
0.330164
0.352858
0.355136
0.331067
0.377388
-0.0032237
0
0
0.021131
0.020876
0.0130559
0.0118445
0.030076
0.0308127
0.0119382
0.0235968
0.0252166
0.0252464
0.0131346
-0.0121094
-0.0125445
0
0
-0.0100884
-0.0104379
-0.00914944
0.0215788
0.014378
0.0295887
-0.0101412
-0.0104171
-0.015533
0.373121
0.144758
0.155957
0.138393
0.14904
0.149913
0.161599
0.134276
0.138947
-0.00698883
-0.00721805
-0.0224074
-0.00489853
-0.00512595
-0.0297843
0.0215393
0.0220956
0.0200071
0.0206968
0.282445
0.301593
0.269921
0.288843
0.293258
0.312593
0.264111
0.251866
0.274677
-0.00215337
-0.00238222
-0.0376873
0.0229535
0.021663
0.0221948
0.116358
0.109094
0.158571
0.151835
0.0586967
0.0685227
0.000359665
0.000121755
-0.0461335
0.0694843
0.0524133
0.0382879
-0.0263617
0.00405038
-0.0758468
0.003219
0.00297267
-0.0551732
0.0305907
0.0319034
0.586841
0.605252
0.00607098
0.00581338
-0.064845
0.567544
0.00915962
0.00889152
-0.0752455
0.0123744
0.0120947
-0.0864278
0.0230615
0.210975
0.19042
0.21538
0.236059
0.33057
0.305201
0.366105
0.34618
0.329088
0.349438
0.360709
0.380296
0.0158132
0.0155221
-0.0985566
0.278021
0.28516
0.293576
0.271583
0.278166
0.445254
0.462758
0.485395
0.468433
0.439594
0.421555
0.269111
0.263272
0.0194515
0.0191486
-0.111698
0.726085
0.732237
0.718583
0.0233391
0.0230244
-0.126188
0.30238
0.321891
0.283566
0.0274841
0.0271576
-0.142113
0.434667
0.457043
0.248043
0.267385
0.410562
0.433913
0.0319217
0.0315838
-0.160328
0.0366732
0.0363241
-0.180977
0.495401
0.516944
0.483847
0.505716
0.505453
0.526725
0.473469
0.461598
0.483797
0.0417712
0.0414115
-0.205941
0.341005
0.327923
0.047245
0.0468752
-0.234546
-0.0128365
-0.0372229
0.0159064
0.0349537
-0.0852961
-0.0566869
0.0119195
0.0124517
0.0114478
0.0531281
0.0527492
-0.274398
0.0254386
0.0262811
0.0260327
0.0252039
0.025329
0.026178
0.196561
0.16245
0.22379
0.191016
-0.0592057
0.00118278
0.661366
0.669113
0.0594539
0.0590668
-0.318763
0.660147
0.645997
-0.0232118
-0.0219118
-0.0163627
-0.0240447
0.673031
0.0662582
0.0658643
-0.401778
0.663926
0.0221333
0.650923
-0.066487
-0.0560182
-0.0754494
0.0735776
0.0731784
-0.505245
0.658321
-0.0616244
-0.0524633
-0.0693812
0.656196
0.0153512
0.0151099
0.0179137
0.0177751
0.01281
0.0124583
0.015585
0.0131487
0.0814498
0.0810471
-0.774909
0.089912
0.0895077
-0.502973
0.0990021
0.0985987
-0.0412902
0.108757
0.108357
0.190264
0.0306784
0.0321055
0.0191707
0.0196437
0.0202747
0.0207039
0.0178703
0.0183751
0.0187202
0.0198827
0.0173535
0.119212
0.118819
0.546046
0.130402
0.130018
1.74901
0.0229119
0.0236138
0.67583
0.664587
0.665421
0.654081
0.142358
0.141987
0.0358993
0.032585
0.0350991
0.0365219
0.0329626
0.379874
0.357551
0.36374
0.341228
0.394242
0.372095
0.0393558
0.0382657
0.0402372
0.402524
0.386659
0.416646
0.155106
0.154752
1.74608
0.55089
0.0160477
0.0192236
0.0153538
0.0185616
0.16867
0.168337
0.192604
0.128643
0.124449
0.13893
0.13426
0.119007
0.115275
0.183067
0.182758
-0.0415494
0.198307
0.198028
-0.504879
-0.0273703
0.214393
0.214148
-0.775095
0.35033
0.372057
0.335667
0.357506
0.36324
0.384874
0.329154
0.314454
0.342089
0.23132
0.231113
-0.505204
0.00418307
0.000484288
0.702461
0.694873
0.00757922
0.708671
-0.0483241
-0.038935
-0.043766
-0.0354805
0.249075
0.24891
-0.401756
-0.0922722
-0.106358
0.267632
0.267513
-0.318809
0.600578
0.58663
-0.0336911
-0.00283044
0.00121223
-0.0637176
-0.03338
0.0211729
0.28695
0.286882
-0.274425
0.306976
0.306962
-0.234566
0.0793348
0.0862713
0.0728308
0.32767
0.327714
-0.205955
0.124311
0.0193643
0.0192621
0.0209026
0.0174514
0.0174502
0.0369335
0.041211
0.0785342
0.0328799
-0.180991
0.084899
-0.160339
-0.14212
0.0174808
0.0158669
0.0154144
0.0178595
-0.126194
-0.11171
0.232817
0.023895
0.024583
0.0251849
0.0244717
0.0236178
0.0229584
-0.09857
0.266423
0.272514
0.0149418
0.0153899
0.016779
0.0171106
0.012989
0.013534
0.25891
-0.0864413
0.0182786
0.0187032
-0.0752576
0.0849082
0.0777457
-0.0648575
0.383441
0.373166
0.391676
-0.0551845
-0.046142
0.652647
0.637233
0.667032
0.670552
0.64766
0.632193
0.662091
-0.0376943
0.709806
0.709113
0.709116
0.0199049
0.0211677
0.019372
0.0206313
0.0204565
0.0217461
-0.0297888
-0.0224068
0.301035
0.281133
0.30323
0.319233
-0.0155294
0.279832
0.259992
0.298009
0.0953195
0.0936738
0.0876004
0.103562
0.101578
-0.00914661
-0.0449794
-0.0433419
-0.0602268
-0.0604679
0.0560102
0.052125
0.0491853
0.0525803
0.379831
0.402486
-0.00321993
-0.0450461
-0.0585359
0.0601008
0.0561314
0.0022472
0.00725065
0.0118102
0.206859
0.201265
0.192441
0.18725
0.222076
0.216094
0.0159392
0.0196505
0.0229406
-0.109637
-0.107386
-0.0910229
-0.0861173
-0.126745
-0.127109
-0.109008
-0.0927943
-0.123605
0.0258231
0.0282945
0.667026
0.652642
0.662084
0.647655
0.280674
0.275713
0.277641
0.282725
0.277268
0.272527
0.0303667
0.190077
0.204253
0.0320945
0.00616733
0.00671635
0.009837
0.0104013
0.00254596
0.00209654
0.342682
0.145007
0.179236
0.0334022
0.0329484
0.0334728
0.034319
0.0348812
0.0350793
0.478662
0.500812
0.45598
0.0349376
0.0134849
0.0128541
0.0141034
0.0344392
-0.0190918
0.00304488
0.0336363
0.0324482
0.031017
0.0225402
0.0226123
0.0221009
0.0223653
0.0229835
0.0231133
0.164818
0.138235
0.115588
0.183448
0.167287
0.0106885
0.0102581
0.0134826
0.0111019
0.0290674
0.187562
0.216129
0.322719
0.333334
0.348965
0.319233
0.308528
0.027034
-0.00262779
-0.0279745
-0.0578626
0.19103
0.205575
0.190953
0.176993
0.221241
0.20618
0.0240927
0.161763
0.149528
0.134177
0.145569
0.163973
0.0097514
0.0103882
0.0127488
0.0133409
0.00686753
0.00753836
0.0215964
0.022487
0.02274
0.0219566
0.0163006
0.0229152
0.0231047
0.0138901
0.0106128
0.0115784
0.00996409
0.00674819
0.00969756
0.0119694
0.0103145
0.0124911
0.00915267
0.0115103
0.0334205
0.0133075
0.014071
0.012825
-0.0253145
-0.0224987
0.655709
0.641216
0.647887
0.633307
0.134133
0.14949
0.16172
0.145519
0.123815
0.138313
-0.0117018
-0.0097634
-0.0626737
-0.00981881
-0.00672704
0.0341932
0.0323771
-0.088313
-0.126704
-0.0586144
-0.0949375
-0.11796
-0.160185
-0.00463069
0.0238871
0.023363
0.0240885
0.0248356
0.0227757
0.0224577
0.0231579
0.108444
0.117861
0.547468
0.537955
0.555718
0.575573
-0.001888
0.170957
0.145679
0.53519
-0.0131371
0.000637746
0.0217041
0.0183678
0.0223371
0.0190332
0.0209022
0.0175285
0.00350346
0.0251983
0.0257563
0.0244498
0.00636945
0.0131866
0.0408382
0.00946902
-0.0163899
0.0184082
0.0189256
0.0179149
0.0126974
0.0161487
-0.0563324
0.0198006
-0.0507787
0.253934
0.242722
0.258957
0.246604
0.250394
0.24033
0.0223694
0.0247899
0.024315
0.0214702
0.0250989
0.263577
0.269457
0.259112
0.0237011
0.0135662
0.00814644
0.0109558
0.00871007
0.0114584
0.0272812
0.0270233
0.685912
0.675586
0.0278592
0.0323095
0.0370734
0.0524643
0.0506218
0.0481897
0.0466959
0.0149745
0.0145639
0.0130202
0.0421833
0.0135574
0.047668
0.0535611
0.692519
0.675425
0.680331
0.703574
0.695996
0.683828
0.707036
0.0598955
0.066707
0.0230534
0.0240175
0.0253864
0.0244093
0.0222552
0.0212991
0.022949
0.0740318
0.10111
0.0819072
0.235977
0.258181
0.210681
0.281702
0.259587
0.0903702
0.215348
0.238574
0.130873
0.122254
0.140902
0.131608
0.121551
0.131758
0.121728
0.14245
0.0994585
0.109208
0.119656
-0.0642323
-0.0937966
-0.0439347
-0.0515173
0.130833
-0.0557525
-0.0438155
-0.0368087
-0.0521687
-0.0416197
-0.0612586
0.142773
0.138434
0.101521
0.161615
-0.109132
-0.0928001
-0.12387
-0.118856
0.0851356
0.0914739
0.04667
0.0446399
0.0393137
0.0406318
0.0525922
0.0499257
0.155501
0.0196234
0.0176402
0.304739
0.328507
0.281229
0.305148
0.326119
0.349613
0.0212181
0.16904
0.183408
0.0330023
0.0317655
0.0355043
0.0338939
0.0295627
0.198613
0.00708332
0.00411906
0.0126789
0.00982905
0.21466
0.207974
0.231543
0.0178464
0.0191528
0.0163512
0.0183442
0.0196195
0.0168749
0.249249
0.267752
0.287011
0.000142678
0.130741
0.121269
0.14175
0.140915
0.152694
0.306973
0.248081
0.239298
0.0195323
0.0120192
0.00901255
0.255868
0.0148653
0.0167024
0.0152264
0.0171358
0.0162516
0.0144457
0.327602
0.583213
0.573248
0.0253967
0.348829
0.128448
0.11918
0.112895
0.138387
0.0260152
0.370549
0.406887
0.384906
0.429064
0.383892
0.405413
0.374407
0.395976
0.391791
0.413305
0.392682
0.362732
0.353255
0.370593
-0.0145662
-0.0104217
0.278291
0.283415
0.415134
0.437796
0.0733256
0.0980775
0.066498
0.0422624
0.0505551
0.020589
0.23214
0.25253
0.263977
0.243386
-0.0106537
-0.00663601
0.260091
0.460557
-0.0027934
-0.00573668
0.483297
0.0301284
0.059315
0.505897
-0.0398651
0.528235
0.550192
0.0211664
0.0208423
0.0215421
0.571651
0.592501
0.612634
0.02245
0.0226432
0.631951
0.0961352
0.104652
0.0881627
0.650363
0.667787
0
0.684149
0
0.0182299
0.0196922
0.020794
0.01963
0.0165452
0.0183224
0.256157
0.0751592
0.072131
0.0775496
0.0713657
0.0813327
0.0778318
0.0841391
0.699386
0.669104
0.661356
0.713443
-0.0480047
-0.0386863
-0.0559954
0.211015
0.226578
0.72627
-0.0504076
0.163939
0.176954
0.196241
0.737835
0.00743554
0.00326725
0.313652
0.316168
0.309432
0.748096
0.757041
0.203408
0.218614
0.234777
0.764628
-0.0274737
-0.0216067
0.319288
0.298065
0.335714
0.314502
0.770852
0.0280948
0.283591
0.290836
0.265523
0.272505
0.309873
0.302406
0.775705
0.77919
-0.209739
-0.187939
-0.216774
-0.190252
-0.19842
-0.181283
0.781293
0.107816
0.150092
0.056246
0.0131069
0.0159796
0.0126886
0.0155027
0.0166439
0.0137204
0.195611
0.145022
0.198466
0.189668
0.11407
0.357318
0.363705
0.0128925
0.0151433
0.0184603
0.0179313
0.0191583
0.243219
0.227556
0.78198
0.0392468
0.199609
0.208618
0.194221
0.185705
0.223865
0.214394
0.781297
0.0619962
0.0585692
0.0510913
0.0537237
0.0700517
0.189133
0.177262
0.779198
0.065719
0.0565972
0.0745914
0.0227639
0.0195365
0.0200967
0.0211988
0.0233667
0.0186365
0.0175235
0.0260979
0.775718
-0.215557
-0.197367
-0.184979
-0.232816
0.770868
0.00754591
0.00806373
0.0101472
0.0105943
0.00497585
0.0055198
0.00703797
0.00969447
0.00443548
0.764648
0.757064
0.748121
0.00740879
0.00678331
0.737862
0.00807146
0.726298
0.709746
0.702787
0.699591
0.692589
-0.0175513
-0.0238841
-0.0179483
-0.0241876
-0.0169435
-0.0233595
-0.0117003
-0.0121386
-0.0109502
0.713471
0.0815638
0.0568782
0.699414
0.684177
-0.00205513
0.667813
0.650387
-0.155756
-0.124062
-0.189808
0.631973
0.0216764
0.0210148
0.0230522
0.0223508
0.0199971
0.0193994
0.612652
0.592516
0.0204601
0.0224751
0.0220774
0.0239272
0.0230045
0.160449
0.149039
0.151688
0.167913
0.155954
0.571663
0.177935
0.0539186
0.0493271
0.17266
0.163297
0.18066
0.5502
0.528239
0.0554767
0.0487642
-0.114154
0.00540274
0.00599787
0.505896
0.0262679
0.483293
0.0341287
0.000991568
0.0369538
0.460549
0.228721
0.244797
0.232663
0.250208
0.226969
0.241234
0.208902
0.211105
0.209648
0.437784
-0.112448
-0.105168
0.415119
-0.0382571
-0.0377548
-0.030328
-0.0309963
-0.04568
-0.0460915
0.392664
0.0375638
0.0358611
0.0382587
0.0404626
0.0170904
0.0162364
0.0238528
0.0224327
0.0187289
0.0180799
0.37053
-0.00986135
-0.00805525
-0.0111533
0.0206918
0.0792279
0.348808
0.0644328
0.0598836
0.327579
0.0849121
0.0785232
0.0728881
0.0271825
0.30695
0.184138
0.184582
0.286988
-0.0289146
0.26773
0.00565555
0.00838862
0.00619425
0.0089089
0.00506733
0.00780632
-0.185473
-0.174155
-0.157439
-0.143834
-0.21625
-0.207172
0.249229
-0.0189381
-0.189668
-0.164751
-0.216215
0.231525
0.0251438
0.0134524
0.0116951
0.0110684
0.0128697
0.0122536
0.013984
0.214645
-0.0312294
-0.0310271
-0.0383928
-0.0380108
-0.0245119
-0.0244615
0.0265406
0.198602
-0.0392548
-0.0488663
-0.0553234
0.1834
0.00167111
0.0157692
0.169037
0.267738
0.290994
0.232596
0.000188452
0.00276853
0.00105379
0.00362473
-0.000767473
0.00180604
0.155503
0.14278
0.130846
2.84659
0.00857165
-0.0420079
0.0294644
-0.0162048
-0.00658883
-0.0647749
0.119675
2.83553
0.00935598
0.00946313
0.0124764
0.0124763
0.109235
0.0994921
0.0904118
0.144749
0.0819568
0.719164
0.711334
0.725332
0.71752
0.71164
0.703781
0.0740898
-0.0830019
0.0667735
0.629495
0.616004
0.601919
0.615623
0.642169
0.628865
0.641554
0.627852
-0.163806
-0.15768
-0.145875
-0.142821
-0.171674
0.0599705
0.0204537
-0.149352
-0.137206
-0.160482
0.053645
0.0477613
0.0368897
0.0331278
0.0369869
0.0330559
0.273773
0.274388
0.0422863
0.040833
0.0411207
0.0447331
0.0399666
0.0453703
0.0407006
0.0437437
0.0389175
0.0498024
0.0503258
0.0488861
0.0371868
0.732177
0.724687
0.72607
0.718566
0.737756
0.73027
0.738324
0.732225
0.743901
0.0324339
0.00476258
0.027995
0.151916
-0.00124567
-0.000354087
-0.00544207
-0.0062335
0.0042825
0.00341767
0.0164982
0.0153138
0.0120894
0.0132684
0.0187111
0.0198933
0.0238482
0.379981
0.404945
0.381998
0.356305
0.426144
0.401859
0.162375
0.175237
0.188873
0.195664
0.127318
0.148551
0.0199596
0.354833
0.377042
0.0131348
0.0134366
0.0163201
0.0128822
0.00966774
0.615626
-0.157186
-0.142462
-0.14877
-0.136826
-0.163476
-0.145679
0.60192
0.00658377
0.00373241
0.000883811
-0.00163223
-0.00435748
-0.00644336
-0.00950832
-0.00948689
-0.0114369
0.0134722
0.0158364
0.0211408
0.230079
0.46189
0.451317
0.48381
0.473487
0.439849
0.0237177
-0.00251837
-0.00164179
0.263674
0.0202634
0.0266841
0.0206927
0.0112055
0.0287339
0.271955
0.268961
0.022369
0.0223725
-0.0087502
-0.0259823
-0.0634929
0.0306784
0.419829
0.425079
0.403422
0.398271
0.446883
0.441559
0.0321078
0.0351072
0.0115635
0.0184893
0.020067
0.0183391
0.0200732
0.018688
0.0201119
0.0332895
0.309442
0.29541
0.269017
0.264915
0.272576
0.268177
0.266549
0.262681
0.0340854
-0.246667
0.271991
0.275745
0.269371
0.00814932
0.00765228
0.00864375
0.0345755
0.0136464
0.0125219
0.0185021
0.0168135
0.010079
0.00702738
0.0216319
0.0201028
0.0245706
0.0228787
0.0347058
0.0723911
0.216108
0.201275
0.0267882
0.025161
0.231764
0.0287246
0.0270669
0.0302141
0.0285817
0.0344935
0.0416077
0.0399743
0.0383786
0.0370812
0.0449799
0.0429586
0.0313848
0.0297547
0.0321797
0.0305652
0.0326371
0.0310249
0.0339161
0.0327339
0.0311249
0.0324747
0.0308642
0.0318515
0.0302385
0.0329831
0.0308553
0.0292362
0.0294238
0.0278326
0.0276049
0.026036
0.0316568
0.0254264
0.0238535
0.715889
0.724705
0.022833
0.0212701
0.705763
0.0198221
0.0182766
0.0299038
-0.246587
-0.227962
-0.188219
-0.25237
0.0163927
0.0148671
0.0125315
0.0110329
0.027814
0.0513927
-0.0103331
-0.0141712
0.00964136
0.0693789
0.00824234
0.00676825
0.00352277
0.00206615
-0.00159522
-0.00306244
0.0253225
-0.00722955
-0.0086965
-0.0134201
-0.0148423
-0.0200893
-0.0214215
0.0224176
-0.0272354
-0.028521
-0.0348871
-0.0360857
-0.0430839
-0.0442079
0.0191041
0.0200276
0.0226013
-0.0518659
-0.0529156
0.0247765
-0.0612886
-0.0622836
-0.0713849
-0.0722596
0.0153669
0.172101
-0.0822476
-0.0830113
-0.0939759
-0.0945577
0.0112108
0.0246024
0.0248945
0.0241624
0.0247084
-0.106753
-0.107095
-0.120701
-0.120777
-0.136144
-0.135707
0.00662218
0.0685344
-0.153288
-0.152158
0.0737073
-0.172942
-0.170835
-0.256813
-0.23149
-0.195498
-0.191789
0.0015832
-0.208025
-0.222727
-0.216225
-0.25554
-0.24483
0.215375
0.208435
0.223139
0.219381
0.208502
0.19655
-0.297939
-0.278814
-0.00392318
0
-0.353983
-0.317076
-0.429901
-0.355189
-0.487259
-0.375069
-0.00988854
0
-0.513584
-0.364225
-0.339245
-0.284864
-0.125092
-0.16845
-0.0163148
-0.0232385
0.0206508
0.0217611
0.0192641
0.0192003
0.100889
0.355359
0.341884
0.356247
-0.0306709
-0.0792694
-0.0887589
-0.0386336
-0.0701891
0.434261
0.355853
0.106007
0.155282
0.996201
0.511496
-0.0255981
-0.130047
-0.0471455
0.246693
0.239087
0.245942
0.239286
0.253639
0.252219
-0.334638
-0.128156
-0.283959
-0.16711
-0.0562581
0.335646
0.340333
0.360945
0.356075
0.320244
0.315765
-0.0660143
0.236553
0.252344
-0.0765126
-0.0878128
0.130877
0.1409
-0.100075
-0.113383
0.0109187
0.0115522
-0.00641794
-0.0025925
-0.128061
-0.14425
0.00304961
0.00246884
-0.162781
0.0035785
0.0609521
0.060227
0.0543712
0.0551997
0.0664827
0.0670879
-0.183945
0.00948377
-0.209331
-0.0241917
0.021536
0.0225489
0.0203476
0.01939
0.0244057
0.0233372
-0.0120245
-0.130583
-0.239041
-0.279581
-0.0368877
-0.0449247
0.178107
0.102001
0.397019
0.436406
-0.0293608
-0.327486
0.0222381
0.0218062
0.576051
0.991106
-0.411744
0.906235
0.586537
0.226994
0.239407
0.228394
0.238594
0.212688
0.216927
-0.515056
0.0532984
0.00984978
0.00916201
0.0104563
-0.712726
-0.460148
-0.0647967
-0.0764713
-0.0589051
-0.0747587
-0.0549823
0.180116
0.0839131
0.0879178
0.543506
0.0904145
0.0949528
0.0145618
1.55804
0.0127345
1.55517
0.54837
0.383916
0.374435
0.405434
0.396002
0.362757
0.353285
0.182261
0.514131
0.52153
0.542439
0.552194
0.570163
0.532924
0.492681
0.500211
0.0158223
-0.0653554
0.0138208
0.0160547
0.024139
0.0234204
0.0230841
0.0223787
-0.462575
0.929694
0.622802
-0.00352358
-0.713326
-0.515052
0.664599
0.673694
0.0505218
0.0556001
0.0501856
0.0550387
0.055697
0.0504408
-0.411736
-0.157923
-0.124811
-0.361747
-0.511319
-0.327525
0.673048
-0.00415313
-0.00500926
-0.00348247
-0.000903771
0.660164
0.0410767
0.0367883
0.0456095
0.0454764
0.00962881
0.00605374
0.00949827
0.00601686
0.0099805
0.00633206
-0.373816
-0.486494
-0.279617
0.0128154
0.0126005
0.0132333
-0.354436
-0.429646
-0.239065
-0.129936
-0.316791
-0.3539
-0.209348
0.0172743
0.0222994
0.0208467
0.0138974
-0.0707844
-0.12161
-0.0749272
-0.126876
-0.127129
-0.278634
-0.29789
-0.183961
0.0104847
0.0114531
0.00743284
0.00862576
-0.171066
-0.180728
-0.244774
-0.255499
-0.162795
-0.159767
0.15814
0.170906
0.156563
0.169028
0.158557
0.17158
-0.00704803
0.146116
0.144831
0.14629
-0.21605
-0.22271
-0.144258
-0.00217861
0.0106956
-0.191681
-0.195486
-0.128067
0.000905691
-0.00422608
-0.170723
-0.172933
-0.113394
0.00558973
0.0109439
0.134758
0.13481
-0.152147
-0.153275
-0.100088
0.0180703
0.017577
0.0186618
-0.135711
-0.136134
-0.0878258
0.00564643
0.00323858
0.00411571
0.00645511
0.00239148
0.00487706
-0.120725
-0.120684
-0.0765243
0.0144996
0.0127708
0.0131842
0.0149183
0.0122765
0.0140118
-0.106925
-0.106734
-0.0660263
0.335668
0.280432
0.389422
0.274981
-0.0943991
-0.0939573
-0.0562692
0.00888627
0.0067566
0.00589464
0.00809711
0.00759754
0.00965081
-0.0828499
-0.0822336
-0.0471538
0.514701
0.492991
0.478689
0.500832
0.527059
0.505729
0.00766165
0.00902991
-0.0721241
-0.0713734
-0.0386401
0.535719
0.522272
0.54771
0.0430532
0.0467925
-0.0306753
0.0394722
-0.0621307
-0.0612766
-0.052807
-0.0518565
-0.0232381
-0.0441029
-0.0430746
-0.0163112
0.153543
0.11342
-0.0359795
-0.0348771
-0.00988564
0.488297
0.513938
0.487537
0.503404
-0.02844
-0.0272305
0.0549369
0.0500743
0.0554959
0.0504081
-0.00391954
0.0600885
0.0608977
0.0215824
0.0233782
0.020736
0.0224718
0.0226183
0.024463
0.315785
0.296522
0.320263
0.300768
-0.0214162
-0.0200901
0.00158828
0.0792659
0.0727533
0.0803007
0.0735182
0.0862106
0.0875388
-0.0148383
-0.0134199
0.0584043
0.0619993
0.470959
0.449078
0.00662931
0.492689
0.0117563
0.0141281
0.0139504
0.0118722
0.0115892
0.0143927
-0.00869391
-0.00722955
0.01986
0.019346
0.0112198
-0.00306263
-0.00159744
0.0228253
0.0239334
0.0215405
0.0153777
0.491098
0.0234004
0.00206332
0.00351885
0.0191167
0.328784
0.028435
0.0298646
0.0296005
0.0281697
0.0297698
0.0283416
0.00676431
0.0082377
0.0224317
0.527863
0.548685
0.0110276
0.0125251
0.424648
0.40601
0.42958
0.447948
0.506618
0.429403
0.407565
0.0253378
0.451369
0.0148607
0.0163842
0.0278304
0.00758859
0.008515
0.0122897
0.0113366
0.174036
0.161594
0.0182693
0.019812
0.187256
0.405542
0.313629
0.0299209
0.504095
0.489676
0.481839
0.511747
0.0212618
0.0228216
0.494063
0.510194
0.0316738
0.422784
0.399146
0.462606
0.446531
0.0238444
0.025414
0.0329993
0.0208401
0.0220349
0.0260264
0.0275918
0.0339305
0.0278242
0.0294107
0.0345043
0.0292282
0.0308434
0.455021
0.478174
0.430719
0.277934
0.0347129
0.0302326
0.0318419
0.440266
0.463746
0.0345791
0.277656
0.282739
0.280701
0.27379
0.0308615
0.0324691
0.534433
0.034087
0.0311247
0.0327319
0.025739
0.185242
0.0332861
0.0320984
0.0310282
0.0326385
0.0305734
0.0321844
0.0306588
0.0297702
0.0313946
0.519662
0.513289
0.507582
-0.297453
-0.278879
-0.297292
0.0287025
0.188457
0.194237
0.11734
0.151542
0.231121
0.253084
0.0286037
0.0302302
0.0266405
0.48638
0.500862
0.0146429
0.0156739
0.0186313
0.0175603
0.0271113
0.028753
0.0610569
0.178723
0.023666
0.514183
-0.00369801
-0.00170304
0.265649
0.276891
0.0252041
0.0268302
0.735469
0.726667
0.721462
0.742956
0.506537
0.0210862
0.0229381
0.0246256
-0.0307
-0.0302509
0.015788
0.490185
0.477214
0.501647
0.0201433
0.0216988
0.0210972
0.024632
0.0219033
0.0253774
0.0200901
0.0236556
0
0
0.0134365
0.016703
0.0155202
0.0189071
0.0134747
0.0123108
0.016863
0.0185701
0.334676
0.36041
-0.154239
0.221682
0.21917
0.0125994
0.0137109
0.22651
-0.0113956
-0.00949967
0.0228368
0.0226407
0.0249584
0.020301
0.0203267
0.00711112
0.0101253
0.404096
0.379832
0.428488
0.0152336
0.0127092
0.0174107
-0.00942357
0.384615
0.360135
0.408789
0.00556326
0.00842218
0.0064207
0.00928075
0.00458168
0.00742262
-0.00640971
0.0601813
0.0609929
0.0667269
0.0656394
-0.00429258
0.274141
0.343811
0.364667
0.285969
0.323458
-0.00155784
0.306953
0.000986733
0.0140911
0.01585
0.014657
0.0163327
0.248239
0.239969
0.385978
0.360999
0.360853
0.335104
0.410518
0.38657
0.0193017
0.0173891
0.000556737
-0.00216388
-0.00164701
0.00109088
-0.00269182
6.58E-06
0.00385564
0.239773
0.258191
0.240394
0.222323
0.255669
0.274354
0.0067399
0.40821
0.452185
0.432198
0.383494
0.222414
0.205415
0.237935
0.303356
0.294445
0.296752
0.305776
0.290589
0.299302
0.00887497
0.00674608
0.00759056
0.00964417
0.00588131
0.00808172
0.0102773
0.00985122
0.0130965
0.0165622
0.466471
0.0202301
-0.0973506
0.471729
0.476828
0.0241457
0.0283193
0.498907
0.190987
0.175136
0.0589294
0.0530165
0.0652564
0.0327845
0.481075
0.0275385
0.0289749
0.0279645
0.0265384
0.0375629
0.334213
0.307849
0.0426863
0.335537
0.0481836
0.00983048
0.0065949
0.43256
0.0540878
0.0204146
0.525446
0.277628
0.259587
0.0604318
0.0239637
0.023523
0.0672509
0.190298
0.204355
0.174064
0.0239179
0.0258099
0.0216443
0.0745811
0.375263
-0.0255658
0.0314065
0.0302739
0.0345292
0.0356261
0.0262654
0.0274235
0.391811
0.370615
0.0824592
0.413322
0.090922
0.470494
0.100006
-0.0447327
0.0249687
0.730289
0.735488
0.742973
0.737772
0.726688
0.721483
0.109749
0.0238779
-0.00928571
-0.00934076
-0.0121678
-0.0132976
-0.00680527
-0.00815479
0.120184
-0.0807942
-0.00218544
-0.075554
-0.00600872
-0.0649365
0.0172928
-0.00412162
-0.00535509
0.131346
-0.139784
-0.129567
0.0423125
0.0374648
-0.00173815
-0.00309592
0.143264
0.360493
0.385791
0.410855
0.334254
0.000916474
-0.000402917
0.155965
0.455326
0.448821
0.303459
0.00361509
0.00222344
0.169472
0.0362943
0.00648471
0.005092
0.183802
0.0105415
0.00683639
0.0138446
0.0094894
0.00803877
0.198965
0.409187
0.52341
0.0126672
0.0111843
0.214963
-0.0118879
-0.0109651
-0.00549488
-0.00638899
-0.0169429
-0.0177836
0.0160179
0.0144849
0.23179
0.0612897
1.40055
1.07944
0.0644828
1.41354
1.09119
0.46989
0.0195681
0.0179952
0.249435
0.434118
0.130723
0.140894
-0.112732
-0.119147
0.121256
-0.103595
-0.108768
0.00559451
0.00983783
0.00423948
0.00849226
0.0233318
0.0217142
0.267873
0.0136535
0.0122948
0.000738345
-0.0020247
-0.00247966
0.000249728
-0.00154628
0.00122094
0.0273328
0.0256764
0.287059
0.45263
0.713501
-0.00682924
-0.00751988
0.0315915
0.0298978
0.306941
0.0366562
0.0360561
0.0331278
0.0327344
0.0403595
-0.00634528
-0.106575
-0.0943953
-0.105686
-0.0939691
0.0361328
0.0344071
0.327491
0.508277
0.522452
-0.0830806
-0.0830082
0.0409813
0.0392279
0.348641
0.535006
0.358091
0.0904521
0.0949935
0.102512
0.0974101
0.0879661
0.0839579
0.333222
0.359691
0.305726
0.0163644
0.0169098
-0.142106
-0.146547
-0.131898
-0.128815
-0.162333
-0.156128
0.015804
0.0461645
0.0443897
0.370276
0.545599
0.0517104
0.0499211
0.39232
0.554304
0.335472
0.0576493
0.0558537
0.414683
0.145955
0.158395
0.355432
0.134264
0.0640126
0.0622197
0.437257
0.0167539
0.0172049
0.527051
0.016296
0.0708329
0.0690533
0.45993
0.304892
0.276524
0.586834
0.56754
0.577835
0.558295
0.594658
0.575566
0.078144
0.0763893
0.482584
0.534087
0.553716
0.544273
0.605241
0.596466
0.612891
0.333167
0.305979
0.359617
0.505101
-0.000709435
0.0304534
0.000624106
0.00164619
0.0859805
0.0842633
0.094377
0.0927111
0.0109994
0.0114181
-0.000372555
0.527359
0.0104754
0.765552
0.76486
0.76008
0.759393
0.770011
0.769313
0.764864
0.759396
0.769317
0.103368
0.101768
0.307203
0.549241
0.0497961
0.112988
0.11147
0.279118
0.570629
0.12327
0.12185
0.308625
0.591412
0.474747
0.455486
0.00471613
0.00371367
0.00568896
0.134245
0.13294
0.611485
0.145942
0.14477
0.630747
0.0147072
0.015277
0.158387
0.157367
0.0141076
0.649109
0.171601
0.170751
0.666489
0
0.333063
0.448684
0.0177372
0.0145085
0.185602
0.184939
0.308205
0.0103898
0.0114032
0.00924083
0.682813
0
-0.00522318
0.340352
0.335666
0.200399
0.199942
0.0159124
0.0155601
0.0138144
0.0136486
0.698016
-0.141451
-0.194307
0.215998
0.215761
0.712044
0.232394
0.232392
0.724847
0.460197
0.249573
0.249822
0.736391
0.00945782
0.00876002
0.267514
0.268032
0.746635
0.286191
0.286976
0.755568
0.30556
0.306598
0.763142
0.325549
0.326885
0.280742
0.769356
0.26129
0.265036
0.262596
0.266488
0.260574
0.264231
-0.00608163
-0.00730649
-0.00459521
-0.00857086
-0.0100936
0.256652
0.257748
0.256067
0.346101
0.347763
0.310037
0.0247969
0.0259042
0.0270657
0.0259335
0.774207
0.00983118
0.0136466
0.367162
0.369108
0.777688
0.0227814
0.38864
0.39086
0.779786
0.410438
0.412936
0.780471
0.432456
0.435225
0.779791
0.256922
0.246668
0
0
0
0
0.454586
0.457617
0.0168348
0.777697
0.435037
0.427196
0.476717
0.479999
0.774219
0.498734
0.502252
0.769372
0.520519
0.52426
0.0035022
0.00630455
0.248292
0.232681
0.220431
0.763162
0.000755273
-0.0806877
-0.0908329
-0.0786979
-0.0882627
-0.0821628
-0.092689
0.75559
-0.0711733
-0.0696489
-0.0722243
0.541956
0.545905
0.562932
0.567072
0.74666
0.239198
0.257725
0.583335
0.58765
0.542843
0.562435
0.548365
0.528357
0.286899
0.28908
0.522257
0.507318
0.283264
0.736417
0.603061
0.607534
0.0111517
0.0116352
0.0106194
0.740885
0.732068
0.748384
0.00823365
0.00747042
0.724875
0.435627
0.429356
0.00960178
0.00623835
0.0088889
0.62201
0.626627
0.0125969
0.0278888
0.0293102
0.0285102
0.0270779
0.190919
0.205538
0.712072
0.421509
0.177233
0.0170408
0.0141023
0.0174681
0.640091
0.644837
0.181888
-0.0685978
-0.0853364
0.0200213
0.0109161
0.0672466
0.264837
0.259653
0.698044
0.657222
0.662081
0.68284
0.673328
0.678285
0.202786
-0.0158687
-0.0223772
0.666515
0.238108
0.222088
0.688341
0.693385
0.254919
0.00567468
0.00326004
0.00241675
0.00491091
0.00413374
0.00647815
0.649133
0.492199
0.702205
0.707325
0.0122013
0.0128448
0.630768
0.714871
0.720053
0.293974
0.00964892
0.611503
0.726297
0.731533
0.00418322
0.00345789
0.0061513
0.743125
0.74655
0.73703
0.740457
0.748702
0.752128
0.591427
0.738337
0.743914
0.736446
0.741726
0.57064
0.528924
0.745293
0.750616
0.752815
0.758164
0.549248
0.144813
0.133779
0.156551
0.153837
0.593937
0.599075
0.617959
0.612778
0.579422
0.574337
0.759007
0.764396
0.527363
0.554696
0.564895
0.687379
0.692603
0.705206
0.699991
0.678797
0.67356
0.763783
0.769208
0.5051
0.573498
0.276171
-0.00543005
-0.00584732
0.767204
0.772617
0.48258
0.311291
0.122254
0.113639
0.131601
0.774705
0.459922
0.585264
0.58889
0.00471159
0.00568711
0.775392
0.437245
0.00370711
0.774709
0.414668
0.0182835
0.0201759
0.767212
0.772625
0.392302
0.247375
0.763794
0.76922
0.370257
0.33236
0.304815
0.305015
0.276476
0.358585
0.332094
0.762782
0.759331
0.757334
0.753902
0.759022
0.764411
0.34862
0.573173
0.564265
-0.130545
-0.10346
-0.140573
-0.116119
0.752833
0.758183
0.327468
0.00408558
0.0115628
0.0139863
0.0114219
0.0142473
0.0117108
0.745314
0.750637
0.306918
-0.0724912
-0.07276
-0.0632498
-0.0632069
-0.0825269
0.736469
0.741749
0.287037
-0.0161176
-0.0807297
0.00612079
0.00332284
0.726321
0.731558
0.267852
0.0267272
0.714896
0.72008
0.249416
0.27777
0.0163159
0.0288045
0.0330632
0.0248
0.70223
0.707352
0.231773
0.0177803
0.0179015
0.0152294
0.0154749
0.688366
0.693412
0.214948
0.385193
0.0149645
0.251152
0.198954
0.281978
0.673352
0.678312
0.657246
0.662105
0.183796
0.614194
0.0142771
0.0146363
0.0119084
0.740905
0.748401
0.0138403
0.73209
0.640113
0.644859
0.16947
0.376975
0.398255
0.349812
0.622029
0.626647
0.155968
0.603077
0.607552
-0.133995
-0.119742
-0.118256
0.143271
0.0269398
0.0261497
0.0303598
0.030648
0.0229727
0.0234064
0.308295
0.282373
0.583348
0.587664
-0.136432
-0.124528
0.00326572
0.00203618
-0.000674848
0.000510889
0.00477094
0.00610677
0.131359
2.45143
0.722335
-0.112981
0.562941
0.567082
0.0474872
0.120203
2.44044
0.33161
0.079281
0.0870452
0.0720293
0.541963
0.545911
0.109775
0.753913
0.757341
0.520522
0.524263
0.74912
0.10004
0.02712
0.0237352
0.498733
0.502252
0.221513
0.225651
0.23208
0.230265
0.220446
0.213034
0.0909636
0.00840559
0.00916498
0.010384
0.0110734
0.00661885
0.00747636
0.476713
0.479995
0.0987186
0.106733
0.0825092
0.0912197
0.454578
0.45761
0.0746397
0.432445
0.435214
0.0673182
0.740451
0.746543
0.743115
0.73702
0.748602
0.742511
0.0210546
0.124471
0.115303
-0.164186
0.410425
0.412922
0.0605078
0.254086
0.388624
0.390844
0.0541728
0.28466
0.367145
0.36909
0.048278
0.711349
0.716558
0.705183
0.699968
0.346083
0.347743
0.0427905
0.261379
0.256769
0.257861
0.260666
0.256186
0.32553
0.326864
-0.123861
-0.0541456
-0.0541342
-0.0631427
-0.062874
-0.045678
-0.0458
0.0376773
-0.00534508
-0.00570863
0.305541
0.306577
0.0306597
0.0217012
0.020044
-0.00982382
-0.0158697
-0.00489285
0.0329097
-0.00422573
0.286173
0.286956
0.028456
-0.0189801
0.343829
0.323477
0.267498
0.268013
0.360963
0.356095
0.364684
0.0242936
0.37096
0.352484
0.386971
0.249559
0.249805
0.248818
0.219022
0.0203895
0.400879
-0.0183197
0.232381
0.232378
0.0167336
0.335447
0.313219
-0.0125939
0.0129805
0.0122639
0.0100033
0.215989
0.21575
0.0132814
0.742515
0.735636
0.733577
0.743199
0.736321
0.0100503
0.0305116
0.0273272
0.200394
0.199934
0.1856
0.184936
0.00695475
0.171604
0.170752
0.440232
0.0134703
0.011708
0.0128791
0.00408545
0.157372
0.0555916
0.0611936
-0.149672
-0.167265
0.00123379
0.221975
0.191833
0.14478
-0.00130078
0.132955
0.329561
0.349834
0.146099
0.134787
0.146275
0.134736
0.0540166
0.0494342
0.158128
0.158547
-0.00401845
0.123296
0.121871
-0.00612516
0.127973
0.156222
0.113021
0.111498
0.0296509
-0.00911488
0.103409
0.101804
0.108796
0.0809732
0.136794
-0.00922372
0.0652915
0.0944253
0.0927549
0.0661155
0.0520349
0.754868
0.75418
0.754184
-0.0111339
0.0194138
0.0184009
0.0860369
0.0843157
0.123421
0.124165
0.0782088
0.0764505
0.554082
0.568964
0.533277
0.0129478
0.0152547
0.070906
0.0691235
0.0205083
0.54868
0.554075
0.533273
0.527861
0.574327
0.568956
0.0640943
0.0622989
0.0117494
0.0232181
0.05774
0.055942
0.024631
0.0260944
0.0262081
0.0222204
0.0237699
0.00990789
0.0101662
0.0383793
0.0355427
0.0518105
0.0500188
0.0282962
0.0462746
0.0444973
0.0212979
0.0101791
0.0334376
-0.045592
-0.0537473
-0.0449982
-0.0528881
-0.0380029
-0.0376202
-0.0380541
0.0302421
0.020838
0.0108356
0.0318268
0.0411022
0.0393459
0.110993
0.0801003
0.0316826
0.0362648
0.0345359
0.70277
0.694871
0.69257
0.684614
0.41785
0.0328616
0.0181531
0.0187258
0.0200592
0.0160192
0.0164346
0.0317348
0.0300378
0.0336555
0.0221403
0.0158109
0.0293267
0.0274876
0.0258276
0.0341368
0.0234983
0.0218762
0.0227589
0.0171826
0.0292025
0.021715
0.0342572
0.0197465
0.0181685
0.0340316
0.0162086
0.0146715
0.03344
0.0128705
0.0113853
0.352074
0.0324892
0.0273321
0.0284916
0.00970479
0.00825562
0.0311321
0.00670932
0.00532427
-0.0023914
0.0293568
0.00383364
0.00247045
-0.0828792
-0.0938993
-0.0727575
0.0272451
0.00114273
-0.000147394
0.265231
0.024727
0.242236
-0.0015003
-0.00282362
0.021793
0.420823
0.423434
-0.00386888
-0.00507416
0.0184482
0.416433
-0.00653613
-0.00785495
0.0152138
0.0175737
0.559094
0.538217
0.57941
0.014677
0.41022
-0.0089874
-0.00905598
0.192445
0.196244
0.182247
0.178811
0.211022
0.206867
0.00992691
0.010485
0.402109
-0.0130049
-0.0118498
0.00585857
0
0
0.000778008
-0.208571
-0.247794
-0.253139
-0.217268
-0.230043
-0.00477475
0
0.384961
0.762789
0.759342
0
-0.0107903
0.0162874
-0.017272
0.0257289
0.0290108
0.025935
0.0291875
0.025412
-0.024258
0.0277253
0.0255817
0.0271133
0.000636749
-0.000356741
0.00165622
-0.0317583
0.17207
-0.0397932
0.148885
0.119129
0.00162887
0.000866829
0.697932
0.710566
0.684102
-0.0483845
0.0188626
0.01836
-0.0575853
0.0237993
0.0235257
-0.146274
-0.14955
-0.167003
-0.162129
-0.133993
-0.131715
-0.118216
-0.119743
-0.106571
-0.105639
-0.0674429
0.410214
0.434342
-0.0780572
0.064847
0.0774194
0.0897194
0.103595
0.0514756
0.0407437
-0.0894965
0.0545101
0.0778928
0.0319459
0.621062
-0.101918
0.716581
0.721967
-0.115423
0.0465251
0.0524295
0.542767
-0.130327
0.0419537
-0.10191
-0.0986136
-0.0913353
-0.146823
0.0237807
0.0102492
0.290815
0.296503
0.309851
0.277916
0.272485
-0.165731
0.0248256
0.0259426
0.0259464
-0.187468
0.0209385
0.0213888
0.0318876
0.262496
0.268107
0.58031
0.255739
0.253497
-0.213368
0.0209012
0.0307894
0.00500959
0.00728369
0.00268216
-0.244273
-0.285403
0.0144533
0.00920412
0.00852907
-0.337615
0.580311
-0.421926
0.0292819
0.0225174
0.0259294
-0.513402
0.029241
0.00947811
0.00877674
0.0101934
-0.639615
0.0242911
0.0292916
0.0198873
0.153849
0.165955
-0.416663
0.0248888
0.029232
0.0210562
0.142468
-0.0727043
-0.0910839
0.0221108
-0.0628216
0.251905
0.164223
0.0229477
0.00982987
0.00716764
0.525745
-0.0207366
1.36192
0.0340979
-0.00495515
1.35951
0.530385
0.0594458
0.039166
0.165732
0.0354265
0.0362041
0.382
0.403407
0.0679959
0.0461083
-0.0922126
0.119305
-0.419847
0.128667
0.205286
0.21796
0.220384
0.199499
0.119037
-0.184415
-0.198003
0.75212
0.748692
-0.640694
-0.169978
-0.513619
0.228445
0.233442
0.225492
-0.421942
-0.337648
0.721943
0.710542
-0.285445
0.0585902
0.0645239
0.730145
-0.2443
0.0717011
0.0290342
0.0294783
-0.213386
-0.187484
0.748606
0.74929
-0.165745
-0.0535211
-0.0627063
-0.0449135
-0.146833
0.114541
-0.130333
0.129386
0.264296
0.2651
-0.115434
0.145955
-0.10193
0.0153001
-0.0895087
0.078139
0.0546552
0.0680108
0.0459982
-0.0780676
0.470722
0.448106
0.492971
-0.0674534
-0.0377329
0.00985989
-0.057595
0.0466372
0.0292626
0.0419956
0.0260665
0.0523657
0.0336034
-0.0483917
-0.0397988
0.0203421
0.0345966
0.0351274
0.247904
0.277041
0.00714994
-0.0317627
0.433603
0.456736
0.00815916
0.0111737
-0.0242579
0.287659
-0.0172684
0.559103
-0.0107877
0.533879
0.538222
-0.00177465
-0.0047717
0.54864
0.000782343
0.561888
0.27731
0.283298
0.286921
0.272574
0.278215
0.00586479
0.0339136
0.573615
0.010493
0.583467
0.0146868
0.59173
0.0253076
0.0268512
0.0184599
0.709727
0.699572
0.0218062
0.603603
0.607279
0.0239262
0.0247415
0.0272609
0.0293733
0.598432
-0.000942431
0.00300075
0.0263815
0.0275401
0.0281669
0.0270087
0.255619
0.0311484
0.591728
0.0671594
0.0666407
0.0325047
0.259757
0.00559367
0.0334536
0.732193
0.0340413
0.034263
0.0234732
0.0272522
0.0341391
0.0336557
0.0238712
0.0233752
0.0233302
0.0228742
0.032857
0.0316719
0.030221
0.028263
0.0261625
0.00161621
-0.0011024
-0.000511755
0.0021803
0.0231646
0.0129323
0.011137
0.0156418
0.270037
0.269485
0.271653
0.271084
0.269133
0.268592
0.215338
0.199961
0.231505
0.0204522
0.269465
0.271065
0.268571
0.0152058
-0.116258
0.0129137
0.198742
0.184432
0.0169935
0.0194698
0.213834
-0.0115061
-0.00937309
0.0900868
-0.0088454
-0.00593201
0.0717631
0.0646755
-0.00375183
0.0586767
-0.00103306
0.0536904
0.00154868
0.0495906
0.000122915
0.000827165
0.00276244
0.00340697
-0.00300255
-0.00218333
0.00528245
-0.00374295
0.00441801
-0.104292
0.0073314
-0.0930107
-0.299187
-0.281127
-0.298045
0.0104589
-0.2353
0.0137301
0.03723
0.0364441
0.0172168
0.0359864
0.104606
0.104872
0.0961363
0.0960816
0.114204
0.113708
0.165949
-0.122632
-0.0935725
0.0209087
0.0353624
0.424295
0.0248463
0.0290427
0.253797
0.233919
0.0335292
0.284457
0.00145572
0.00215555
-0.0012958
-0.000601992
0.0273496
0.0383282
0.0258417
0.267784
0.269331
0.266921
0.000687473
-0.00207589
0.0434706
0.607458
0.601462
0.588589
0.582514
0.625482
0.619569
0.0489849
0.30075
0.226589
0.22971
0.246363
0.24294
0.281908
0.0549038
0.0612596
0.238566
0.238941
0.245756
0.246422
0.0680872
0.0754221
0.0833006
0.0917588
0.00455541
0.00171726
0.0040712
0.00225788
0.00506919
0.100833
0.0301712
0.0273909
-0.280691
0.385943
0.407551
0.110559
0.120971
0.132103
0.143983
0.0250748
0.329538
0.156638
0.170092
0.260147
0.0197021
0.45683
0.463339
0.485069
0.478603
0.441548
0.435023
0.184359
0.0236604
0.0223208
0.0244473
0.0230797
0.0283577
0.0322879
0.646012
0.636624
0.024613
0.0254244
0.19945
0.215367
0.0625426
0.00972207
0.232106
0.249653
0.267989
0.287061
0.226307
0.231971
0.228909
0.243004
0.306814
0.327246
0.160644
0.13516
0.34828
0.369783
0.0806306
0.073637
0.0881011
0.391689
0.413918
0.0271717
0.436358
0.458899
0.0286479
0.0301156
0.481425
-0.0022172
0.0329181
0.0343827
0.0347583
0.239307
0.245396
0.239588
0.245271
0.503818
-0.000294604
0.234394
0.525958
0.547728
-0.0368608
0.00186525
0.00379088
0.0265459
0.267825
0.266963
0.569011
0.0279699
0.589697
0.0224817
0.60968
-0.0182386
0.0121423
0.31721
0.331592
-0.0124017
0.628862
0.0140026
0.262589
0.266504
0.647151
0.0157261
0.271653
0.278172
0.2852
0.681062
0.668275
0.011579
0.010894
0.664466
0
0.0173097
0.0122438
0.680733
0
-0.0233983
0.695887
0.709873
0.72264
0.734154
0.744373
0.753286
0.402423
0.405071
0.760847
0.405952
0.767066
0.0401025
0.0390528
0.0438682
0.0448584
0.771904
0.402424
0.397973
0.775355
0.391668
0.33161
0.304749
0.357904
0.777443
0.778126
0.383743
0.409082
0.777447
-0.0306703
-0.0300941
0.775363
0.028967
0.0295993
0.251429
0.245581
0.771916
0.188912
0.767082
0.0221755
0.0214478
0.760866
-0.197412
0.753308
0.0890756
0.744397
0.734179
0.0879629
0.0803183
0.722667
0.0268284
0.231516
0.215346
0.709901
0.248464
0.598432
-0.0043947
0.695915
0.00181301
0.68076
0.664492
0.00151564
0.647175
0.628883
0.609698
0.0293148
0.0295306
0.589712
0.569022
0.547735
0.00806816
0.00609125
0.00673281
0.00857379
0.00909306
0.00414212
0.226475
0.231907
0.525962
0.226013
0.229149
0.503818
0.749106
0.481421
0.0160203
-0.0543158
-0.054138
0.458892
0.0177003
0.00439798
0.436347
0.0191822
0.104247
0.0953559
0.113753
0.69258
0.697908
0.684078
0.678774
0.413903
0.0204475
0.391672
0.369764
0.409292
0.348259
0.327224
0.306792
0.294572
0.287039
0.0420415
0.267968
0.043561
0.249635
0.639041
0.646391
0.661499
0.654264
0.63017
0.62268
0.23209
0.0473149
0.0496715
0.215355
0.199441
0.630766
0.184354
0.668293
0.681081
0.170091
0.0755471
0.0801379
0.0594739
0.156642
0.0827744
-0.00102704
-0.000453273
0.143991
0.0911823
0.132116
2.06244
0.120991
2.05217
-0.179164
-0.197131
-0.15562
0.110585
0.0211952
0.0225956
0.024769
0.0233616
0.0435582
0.0414167
0.0462541
0.100867
0.00788017
0.00498728
0.0918009
0.0396877
0.0382938
0.0833513
0.289091
0.28981
0.0137539
0.0156536
0.0754818
-0.0293566
0.0681559
0.0110254
0.0613372
0.356808
0.382225
0.0549905
0.407428
0.468716
0.490476
0.0490811
0.432006
0.446874
0.0435765
0.4555
0.0384444
0.0336561
0.0387376
0.0398845
0.291836
0.0291809
0.0249957
0.552663
0.0210688
0.567185
0.0331239
0.0173883
0.580073
0.013915
0.591347
0.0106582
0.601028
0.00754658
0.609155
0.00464837
0.615755
0.00179524
0.620855
-0.148491
-0.170367
0.0210274
-0.000776506
0.624484
-0.00347897
0.626655
-0.00564888
0.321918
-0.00854164
0.688123
0.675413
0.0281878
0.0288674
0.0321298
0.032724
-0.00909304
-0.0112291
0.620859
0.615758
0.011867
0.0144766
0.609157
0.0226961
0.0364411
0.0408363
0.019582
0.0250621
0.0239874
0.0126895
0.0123211
0.0130487
0.0224966
-0.0308762
0.0254759
0.0276185
0.536478
0.0295573
0.518689
0.035479
0.0312478
0.0375986
0.0424352
0.0310143
0.499316
-0.022388
0.232637
0.231144
0.0321878
0.478448
0.229825
0.0329797
0.45584
0.0334486
0.431977
0.0335562
0.407448
0.0333133
0.715869
0.705742
0.0327052
0.463348
0.468722
0.490479
0.485074
0.0317349
0.0303399
0.028539
0.252072
0.0264015
0.00137351
0.0196256
0.0176968
0.0169042
0.0147713
0.00270883
-0.00186183
0.0238492
0.0208802
0.0174972
-0.00324909
-0.00390141
-0.00102192
0.0136855
0.091189
0.000169474
-0.146109
0.0094498
0.0828374
0.00478151
0.0756118
-0.000317945
0.0693743
0.376994
-0.00590073
0
-0.00294632
-0.0119916
0
0.0595758
0.0557795
-0.018561
0.0525596
-0.025625
0.0498201
-0.0331983
0.0474942
0.0188182
0.18364
0.669126
-0.0413096
0.0455436
-0.0499881
0.0439139
0.0189355
-0.167209
-0.0592879
0.0424269
0.260062
0.754535
-0.0692547
0.0410676
-0.0799823
-0.0915567
0.397976
-0.104142
-0.11786
-0.133008
0.0297238
0.405074
-0.149831
0.0273095
0.601449
0.582504
0.619554
0.652813
0.667838
0.636707
0.51689
0.495228
-0.169108
0.0362617
-0.191351
0.383439
0.0291725
-0.0536599
-0.21785
0.0270957
-0.249893
0.294119
0.372882
-0.291516
0.0285159
0.0267524
-0.347169
-0.429068
-0.505284
0.265389
0.663845
0.653064
0.647814
-0.566993
0.0262707
-0.382568
-0.12271
-0.00679678
0.136126
0.484294
1.17005
0.026298
0.0100192
1.16889
0.489579
0.136569
-0.124761
-0.186473
-0.207811
-0.386981
-0.568781
-0.505888
0.236739
-0.429187
0.0118705
-0.347216
-0.291563
-0.249928
-0.00315059
-0.00593059
-0.00207438
-0.00494281
-0.217868
-0.191364
0.128834
-0.169121
0.103673
-0.149842
-0.133017
-0.117874
-0.104158
0.00339171
-0.0915722
-0.0799941
-0.179418
-0.072541
-0.0830707
-0.0692652
-0.059298
-0.0158703
-0.0499958
-0.0413169
-0.0332059
-0.00877808
-0.0256277
-0.00613366
0.516891
0.512036
0.495226
-0.0185587
-0.00333671
-0.0119901
-0.00589916
0.0453645
-0.000314812
0.00771618
0.00478626
0.0102074
0.00945582
0.0124927
0.0136935
0.0145665
0.011718
0.0135064
0.0101126
0.010151
0.00986024
0.0175072
0.0208919
0.0238623
0.0264157
0.355295
0.028554
0.365675
0.0303549
0.373989
0.0317488
0.228949
0.032717
0.384839
0.387512
0.233777
0.0333208
0.388401
0.473349
0.0335598
0.0334489
0.384838
0.380345
0.0157547
0.0329775
0.373981
0.0321808
0.365665
0.0310012
0.0295324
0.027581
0.15751
0.0254257
-0.00628495
0.272995
0.246433
-0.00682547
0.0224378
0.0375292
0.0230235
0.0195196
0.0250164
0.0144229
0.0118305
-0.0152096
0.0340773
0.0103852
0.00246236
0.0147898
0.0166878
0.0216191
0.0256502
0.0238316
0.024649
0.0246635
0.0238394
0.025629
0.184167
0.0599222
0.0639711
0.0731692
0.0922947
0.100701
0.110246
0.00159792
-0.0013049
0.38013
0.291332
0.297961
0.405072
0.429563
0.453351
0.0204041
0.0177885
0.476069
-0.215498
-0.231532
-0.256818
-0.232561
0
0
0.007367
0.554407
0.570196
0.584414
0.032263
0.597056
0.608135
0.205102
0.617665
0.625675
0.632188
0.637227
-0.238552
0.625678
0.554392
0.537045
0.518194
0.497919
0.476329
0.453258
0.0231234
0.429533
0.216037
0.0164624
0.0222107
0.199965
0.185378
0.195909
0.00840816
0.110207
0.0122462
0.011575
0.100696
0.0923068
0.380349
0.0680208
0.0637633
0.387513
0.060051
0.0567903
0.0539138
0.0513103
0.0468416
0.0448906
0.311493
0.0431103
0.041289
0.0395245
1.70876
0.0360169
1.6984
0.0156608
0.0239603
0.021708
0.0968822
0.00945206
0.00890862
-0.0107557
-0.0187694
-0.028152
-0.0166174
-0.00390211
-0.00656582
-0.00551099
-0.00291964
-0.00772552
0.0225433
-0.0131051
0.00396874
0.00694353
0.009694
0.0121813
0.0164193
0.0181285
0.0195564
0.325859
0.338551
0.348981
0.357329
0.363712
0.368217
0.370898
-0.186824
0.371788
0.370896
0.368212
0
0.125543
0.71137
0.0304515
0.0961891
0.104917
0.0880236
-0.0303227
-0.00108873
0.00153895
-0.00235866
0.00094491
0.0123431
0.0145818
0.230384
0.020733
0.0215546
0.0248856
0.0241239
0.0234992
0.023471
0.329811
0.0360609
0.00824543
0.070016
0.0747021
0.0799724
0.108489
0.117911
-0.00909952
-0.00810062
-0.0105412
0.128442
0.0490215
0.0377696
0.401917
0.426192
0.449968
0.473007
0.495109
0.571176
0.586634
0.60058
0.613004
0.623909
0.0603217
0.059022
0.0653402
0.0665686
0.0531185
0.0544753
0.571167
-0.00954661
0.554217
0.535829
0.516084
0.495084
0.47297
0.449924
0.0144247
0.352535
0.218777
0.200304
0.183205
0.128385
0.0799495
0.0746835
0.070005
0.0658415
0.0620976
0.0586975
0.0555763
0.052682
0.0428482
0.0383998
0.0361895
0.0922347
-0.0246753
-0.0335551
-0.0396262
-0.0316466
-0.0275573
-0.0233341
-0.0190576
0.0229998
-0.014814
0.0226292
0.000833706
0.00422562
0.00735503
0.0102057
0.0127648
0.333515
0.341838
0.348199
0.352688
0.355361
0.0934554
0.0224617
0.0200565
0.021078
0.0229607
0.0226629
0.0229349
0.028569
0.0265788
0.02728
0.0380264
0.0406169
0.0549891
0.079567
0.0851639
0.0914158
0.123853
0.203476
0.221121
0.373559
0.397613
0.0406239
0.421601
0.445294
0.0340269
0.468469
0.490916
0.512453
0.586756
0.638605
0.672659
0.586754
0.570159
0.552185
0.0331319
0.0306081
0.53291
0.490888
0.397555
0.373497
0.239933
0.221049
0.203406
0.187035
0.171974
0.158156
0.0914012
0.0851558
0.0795691
0.0746014
0.0658764
0.0461583
0.043378
0.040746
0.0381649
0.0356242
-0.0385223
-0.0483034
-0.0389542
-0.0340032
-0.0290154
-0.0240601
-0.0192124
0.00202871
0.00547927
0.0432712
0.32764
0.333929
0.338366
0.341008
0.105675
0.0983155
0.0617623
0.240005
0.0220546
-0.0589895
-0.00153782
0.0265619
0.123905
0.171575
0.0195873
0.266172
0.284601
0.0189816
0.303713
0.015837
0.0119248
-0.00881229
-0.0124696
0.0220532
-0.0120616
-0.00847018
0
0
0.385959
0.0220954
0
0.0222127
0
0
0.512435
0
0.0235958
0.439631
0.462791
0.416146
-0.00601479
0
0.0240246
0
0.0244911
0
0
-0.00434564
0
0.599059
-0.00370412
0
0.617941
0.0398676
-0.00297154
0.000171048
0
0.635963
0.0428283
-0.00215843
0
0.653041
0.045933
-0.00128507
0
0.669103
0
0
0
0
0
0
0
0.102364
0.00661733
0
0
0
0.138346
0
0.009421
0.0109676
0
0.0098118
0.0113708
0
0.0700647
0.75455
0.0100332
0.0116423
0
0.222381
0
0.240456
0
0.25965
0
0
0.0076273
0.0113719
0
0.00673866
0.0118308
0
0.392544
0.635983
0.00783143
0.00687356
0.0115147
0
0
0
0.485423
0
0.507339
0
0.528371
0
0
0
0.473344
0
0.45136
0.601103
0
0.429392
0
0
0.652175
0
0
0
0.303695
0
0.284584
0.00267404
0.00499402
0
0.266156
0
0.248451
0.683832
0
0.680337
0
0.675433
0
0.185377
0
0
0
0.601105
0
0.584824
0
0.123934
0.567219
0
0.113788
0
0.10429
0
0.0954067
0
0.087104
-0.00741749
-0.00466916
0
0.079348
0
0.0721046
0.416101
0
0.392494
0
0
0.0475992
0.319415
0.189689
0.00223249
0.102358
-0.000442627
0.0953286
-0.0029001
0.0889237
-0.00566857
0.0831254
0.0777659
0.0492585
0.0460152
0.0342644
0.197664
-0.0521146
-0.0629673
-0.0703917
0.671488
-0.0450625
-0.0393731
-0.0337128
-0.0281656
-0.0227958
0.0226851
0.673427
0.0390601
0.00032045
0.00404034
0.306784
0.314833
0.32099
0.325337
0.327926
0.283167
-0.0764154
-0.00353954
0.0156502
0.0176473
0.0193322
0.0214186
0.0214201
0.0213298
0.0213042
0.0213693
0.0215057
0.0216873
0.0218995
0.0221108
0.0223716
0.0415063
0.0448854
0.048415
0.112672
0.151945
0.222465
-0.011597
-0.014148
-0.0138299
-0.0113878
-0.0142622
-0.0116683
0.239826
-0.0110812
-0.0109838
-0.0111114
0.258246
-0.00782658
-0.0077277
-0.00785909
0.277684
-0.0056878
-0.00560018
-0.00571652
-0.00296457
-0.0028715
-0.0029955
-0.000471213
-0.00037762
-0.000502245
0.0314738
0.00234389
0.0024448
0.00231022
0.409805
0.00516135
0.00526542
0.00512669
0.432987
0.00820755
0.00831729
0.00817095
0.0113826
0.0114967
0.0113446
0.0147784
0.0148978
0.0147386
0.542852
0.0183746
0.0184989
0.0183332
0.022219
0.0223484
0.0221758
0.0263212
0.0264557
0.0262764
0.0307162
0.0308559
0.0306697
0.0354263
0.035571
0.0353781
0.0404844
0.040634
0.0404346
0.0459204
0.0460746
0.045869
0.0517684
0.051927
0.0517156
0.0580628
0.0582253
0.0580085
0.0648401
0.0650061
0.0647847
0.0721378
0.0723067
0.0720814
0.0799943
0.0801654
0.0799371
0.0884479
0.0886204
0.0883903
0.696001
0.0975376
0.0977107
0.0974798
0.692526
0.107301
0.107474
0.107244
0.687653
0.117776
0.117947
0.117719
0.681377
0.128997
0.129164
0.128941
0.140995
0.141158
0.140941
0.1538
0.153957
0.153748
0.167435
0.167584
0.167385
0.6142
0.181918
0.182057
0.181871
0.598197
0.19726
0.197388
0.197217
0.580917
0.213464
0.213579
0.213425
0.230524
0.230624
0.230491
0.248428
0.248511
0.2484
0.267151
0.267214
0.26713
0.28665
0.286693
0.286636
0.432949
0.306869
0.306889
0.306862
0.409761
0.32777
0.327766
0.327771
0.349281
0.349251
0.34929
0.371294
0.371238
0.371313
0.39373
0.393647
0.393758
0.416492
0.416381
0.416529
0.439466
0.439327
0.439512
0.462536
0.462369
0.462592
0.485581
0.485386
0.485645
0.206133
0.508476
0.508255
0.50855
0.531099
0.530852
0.531182
0.553327
0.553055
0.553418
0.575042
0.574746
0.57514
0.596128
0.595811
0.596234
0.112669
0.61648
0.616142
0.616592
0.104882
0.635996
0.635641
0.636115
0.097685
0.654587
0.654215
0.65471
0.0910571
0.672169
0.671782
0.672297
0.0849321
0.688671
0.688272
0.688804
0.704028
0.703618
0.704165
0.718188
0.717769
0.718328
0.0601579
0.731103
0.730676
0.731245
0.0560766
0.74274
0.742306
0.742884
0.0522001
0.75306
0.752621
0.753207
0.0485008
0.762053
0.761609
0.762201
0.769681
0.769233
0.76983
0.775943
0.775492
0.776093
0.780811
0.780359
0.780962
0.0352505
0.0321848
0.784301
0.783847
0.784452
0.0291688
0.786416
0.785956
0.786573
0.787108
0.786642
0.787271
0.786421
0.785961
0.786578
0.78431
0.783856
0.78446
0.780824
0.780372
0.780975
0.77596
0.775509
0.77611
0.769701
0.769253
0.76985
0.762077
0.761633
0.762225
0.753087
0.752647
0.753233
0.742768
0.742334
0.742912
0.731132
0.730705
0.731275
0.718218
0.717798
0.718358
0.704058
0.703647
0.704194
0.6887
0.6883
0.688833
-0.0486554
-0.0649977
0.672196
0.67181
0.672325
-0.0773231
0.654612
0.65424
0.654736
-0.085847
0.636019
0.635663
0.636137
-0.0908309
0.616499
0.616162
0.616612
0.596144
0.595827
0.59625
0.154348
0.122293
0.575054
0.574758
0.575152
0.553335
0.553063
0.553426
0.531103
0.530856
0.531186
0.508476
0.508254
0.50855
0.485576
0.485381
0.485641
-0.0500893
-0.056564
-0.0437445
0.462528
0.462361
0.462583
-0.0375018
0.439454
0.439315
0.4395
-0.0314472
0.416477
0.416366
0.416513
-0.0256321
0.393712
0.393629
0.393739
0.371273
0.371217
0.371292
0.349258
0.349228
0.349267
0.327746
0.327742
0.327747
0.306845
0.306865
0.306838
0.286626
0.286669
0.286612
0.267128
0.267191
0.267107
0.248406
0.248489
0.248379
0.230505
0.230604
0.230471
0.213447
0.213562
0.213408
0.0225329
0.197246
0.197375
0.197203
0.181908
0.182048
0.181862
0.16743
0.167579
0.16738
0.0229807
0.1538
0.153957
0.153747
0.141
0.141163
0.140946
0.129007
0.129175
0.128951
0.117793
0.117964
0.117736
0.107325
0.107498
0.107268
0.295691
0.0975688
0.097742
0.097511
0.303479
0.0884869
0.0886596
0.0884292
0.309445
0.0800413
0.0802126
0.0799841
0.313661
0.0721934
0.0723625
0.072137
0.316173
0.0649043
0.0650706
0.0648489
0.317006
0.0581357
0.0582985
0.0580814
0.0518504
0.0520092
0.0517974
0.0460118
0.0461662
0.0459602
0.0405856
0.0407354
0.0405357
0.272933
0.0355378
0.0356827
0.0354895
0.0308386
0.0309785
0.030792
0.0264549
0.0265897
0.02641
0.0223638
0.0224935
0.0223206
0.0185311
0.0186556
0.0184895
0.0149465
0.0150661
0.0149066
0.0115633
0.0116777
0.0115252
0.00840177
0.00851189
0.00836505
-0.0921028
0.00537112
0.00547557
0.00533635
0.00256918
0.0026703
0.00253546
-0.000228107
-0.000134369
-0.000259173
-0.00271212
-0.00261884
-0.00274311
-0.00541709
-0.00532927
-0.00544587
-0.00754204
-0.0074434
-0.00757446
-0.0107652
-0.010668
-0.0107955
-0.0113012
-0.0110945
-0.0113716
0.456012
-0.0138426
-0.0135299
-0.0139548
0.015932
0.0181804
0.015639
0.0179462
0.0160357
0.0182589
-0.00505386
0.0231159
0.0229577
0.0231664
0.0255058
0.025347
0.0255578
0.00316013
0.0282953
0.0281563
0.0283404
0.0302584
0.030123
0.0303026
0.0153174
0.0321396
0.0320138
0.0321804
0.0335462
0.0334208
0.0335871
0.0347223
0.0345981
0.0347629
0.0355324
0.035406
0.0355739
0.0360464
0.0359165
0.0360903
0.03621
0.0360749
0.0362573
0.0360388
0.035901
0.0360865
0.0355095
0.0353684
0.0355575
0.0346314
0.0344858
0.0346813
0.0333725
0.0332189
0.0334244
0.0317244
0.0315597
0.0317806
0.0297096
0.0295392
0.0297696
0.0273051
0.0271249
0.0273692
0.0244937
0.0243038
0.024562
0.0212801
0.0210798
0.0213529
0.0176518
0.0174405
0.0177294
0.0136122
0.0133891
0.0136949
0.00914958
0.00891307
0.00923807
0.020573
0.00425986
0.00400767
0.00435515
0.0203611
-0.00108557
-0.00135423
-0.000983109
0.0202058
0
0
-0.00689333
-0.00717823
-0.00678375
-0.013147
-0.01345
-0.0130295
-0.0198734
-0.0201968
-0.019747
-0.027087
-0.027433
-0.0269509
0.0201181
-0.0348126
-0.0351832
-0.0346658
0.020184
-0.0430606
-0.0434584
-0.042902
0.0202579
-0.0518788
-0.0523073
-0.0517071
-0.061295
-0.0617584
-0.0611082
-0.0714005
-0.0719043
-0.0711965
-0.0822283
-0.0827802
-0.0820039
0.0293657
-0.0939511
-0.0945585
-0.0937032
-0.106589
-0.107264
-0.106313
-0.120501
-0.121254
-0.120192
0.0429486
-0.135603
-0.136466
-0.135247
-0.152866
-0.153862
-0.152456
-0.171973
-0.173171
-0.171477
-0.19555
-0.19695
-0.194972
-0.220541
-0.222445
-0.219746
-0.258094
-0.26035
-0.257159
-0.291142
-0.29485
-0.289672
-0.377167
-0.381237
-0.375411
-0.40452
-0.420717
-0.39803
-0.885446
-0.887303
-0.863667
-0.608258
-0.618481
-0.577569
0.0762752
0.0504932
0.0829056
0.164507
0.181104
0.189568
0.178182
0.425774
0.45218
0.41744
2.54271
2.41194
2.59652
0.237979
2.54145
0.432185
2.41022
0.458293
2.59561
0.423949
0.255716
0.183707
0.192127
0.18079
0.274402
0.075933
0.0501205
0.082701
0.294023
-0.608956
-0.61933
-0.577984
-0.88472
-0.886617
-0.862963
-0.404681
-0.420852
-0.3982
-0.377113
-0.381189
-0.375355
0.425336
-0.29119
-0.2949
-0.289719
0.448136
-0.258108
-0.260365
-0.257173
0.470746
-0.220556
-0.22246
-0.219761
-0.195558
-0.196959
-0.19498
-0.171984
-0.173182
-0.171488
0.555902
-0.152874
-0.153871
-0.152463
-0.135607
-0.136471
-0.135252
-0.120508
-0.121261
-0.120199
-0.106602
-0.107277
-0.106326
-0.0939639
-0.0945714
-0.0937161
-0.0822406
-0.0827927
-0.0820162
-0.0714117
-0.0719157
-0.0712077
-0.0613072
-0.0617707
-0.0611204
-0.0518895
-0.0523181
-0.0517177
-0.0430686
-0.0434666
-0.04291
-0.0348195
-0.0351901
-0.0346727
-0.0270905
-0.0274367
-0.0269543
-0.0630071
-0.0198708
-0.0201946
-0.0197443
-0.0131426
-0.0134458
-0.0130251
0.707042
-0.00689087
-0.00717575
-0.00678128
0.703582
-0.00108177
-0.00135044
-0.000979291
0.00426562
0.00401335
0.00436095
0.00915782
0.0089211
0.0092464
0.0136226
0.0133992
0.0137055
0.0176643
0.0174527
0.0177419
0.0212943
0.0210939
0.0213671
0.626034
0.0245094
0.0243194
0.0245777
0.610273
0.0273223
0.0271418
0.0273865
0.593279
0.0297283
0.0295577
0.0297883
0.0317438
0.0315789
0.0318001
0.0333918
0.0332381
0.0334438
0.514687
0.0346499
0.0345043
0.0346999
0.0355265
0.0353852
0.0355745
0.0360528
0.0359148
0.0361004
0.0362205
0.0360852
0.0362678
0.425302
0.0360537
0.0359235
0.0360976
0.0355379
0.0354113
0.0355796
0.0347233
0.0345987
0.0347641
0.0335421
0.0334162
0.0335832
0.0321252
0.0319989
0.0321662
0.0302317
0.0300959
0.030276
0.221199
0.0282548
0.0281156
0.0283
0.0254558
0.0252969
0.0255078
0.0230626
0.0229044
0.0231131
0.164483
0.0181334
0.0178995
0.0182119
0.152675
0.0158956
0.0156031
0.0159991
0.141737
-0.0134196
-0.0111003
-0.0108333
-0.00758474
-0.00547167
-0.00273703
0.0915009
-0.000241744
0.0851694
0.00259007
0.0792685
0.00541564
0.0737549
0.00847529
0.0685895
0.0116612
0.0637347
0.0150697
0.059157
0.0186778
0.054825
0.0225347
0.0507103
0.0266493
0.0310568
0.035779
0.0408489
0.0462961
0.0295236
0.0521547
0.0584586
0.0652442
0.0725489
0.0804106
-0.000801191
0.0888675
0.0979583
0.107721
0.118191
-0.0769368
-0.0912474
0.129404
-0.101218
0.141391
-0.1072
0.154181
-0.109622
0.167796
0.182256
0.19757
0.213741
0.230764
0.248627
0.267303
-0.0472184
-0.054173
0.28675
-0.0404756
0.306915
-0.0339887
0.327758
-0.0277965
0.349206
0.371155
0.393526
0.416219
-0.00629291
0.439125
0.462127
0.485104
0.507934
0.0151197
0.530494
0.552663
0.57432
0.595354
0.615657
0.635129
0.65368
0.671227
0
0
0.687698
0
0
0.703028
0.717165
0.286161
0.730061
0.293605
0.741682
0.299321
0.751989
0.303368
0.760971
0.305782
0.768589
0.306583
0.774844
0.779709
0.783195
0.785304
0.264581
0.785992
0.785309
0.783204
0.779722
0.774861
0.76861
0.760994
0.752015
0.741709
-0.106073
0.73009
-0.101614
0.717195
-0.0959489
0.703057
0.687726
0.671254
0.653705
0.635151
0.615676
0.59537
0.574332
0.55267
0.530498
0.00250163
0.507934
0.4851
0.462119
0.0152099
0.439113
0.0211585
0.416204
0.393507
0.371134
0.349183
0.327734
0.306891
0.286727
0.26728
0.0175745
0.248605
0.230745
0.213725
0.197557
0.182247
0.167792
0.15418
0.141396
0.129414
4.65521
4.34853
0.118208
4.64329
4.33676
0.107745
0.0979898
0.0889069
0.0804581
0.0726049
0.0195295
0.065309
0.0191979
0.058532
0.0189201
0.0522372
0.0463879
0.0409505
0.0358909
0.0182257
0.0311796
0.0181372
0.0267835
0.0180307
0.0226801
0.0188348
0.0152383
0.0118426
0.00867044
0.029556
0.00562635
0.00281594
1.80E-06
0.0441209
-0.00248402
-0.00520047
-0.00730073
-0.0105182
-0.0108106
-0.0131265
0.0973796
0.0152511
0.017617
0.104856
0.0227216
0.025117
0.0279532
0.0299268
0.03183
0.0332386
0.175771
0.0344174
0.035223
0.0357313
0.0358859
0.0357068
0.269962
0.0351676
0.288885
0.0342791
0.308656
0.0330033
0.329195
0.031331
0.35037
0.0293024
0.0268768
0.0240445
0.43916
0.0208084
0.461622
0.0171563
0.483865
0.0130909
0.00859942
0.00367608
0.567547
-0.00170496
0
0
0.58645
-0.00754766
0
0.604318
-0.0138403
-0.0206109
-0.0278731
-0.0356519
-0.0439591
-0.0528436
-0.062336
-0.0725295
0.716952
-0.0834625
0.719022
-0.0953066
0.0222174
0.719713
-0.108094
0.719025
-0.122177
0.716958
-0.137522
0.71351
-0.155077
-0.17463
-0.198651
-0.224741
-0.263055
-0.299603
-0.385223
0.621073
-0.440764
0.604326
-0.875224
-0.612772
0.0217168
0.1986
0.486818
2.2644
0.439133
2.26222
0.492505
0.416614
0.201118
0.394207
0.0214162
-0.613784
-0.874612
0.308614
-0.440858
-0.385184
-0.299656
0.23474
-0.263071
0.218581
-0.224757
0.203379
-0.19866
0.189108
-0.174641
0.175751
-0.155086
0.163282
-0.137528
0.151679
-0.122183
-0.108106
-0.0953197
-0.0834751
-0.0725409
-0.0623482
-0.0528545
-0.0439672
0.0778839
-0.0356588
0.0721908
-0.027877
-0.0206091
-0.0138363
-0.00754509
0.0525576
-0.00170115
0.0482916
0.00368172
0.0442315
0.00860725
0.0131008
0.0171683
0.0208224
0.029723
0.02406
0.0268935
0.0293205
0.0313499
0.0330222
0.0342974
0.0351842
0.0357203
0.0358958
0.0357377
-0.0871783
0.0352277
-0.104512
0.0344175
-0.116539
0.0332331
-0.123894
0.0318144
0.0298991
0.0279122
0.0250668
0.0226683
0.0175707
-0.0892839
0.0152158
-0.0129867
-0.0107808
-0.057368
-0.010646
-0.0498958
-0.00741567
-0.0427279
-0.0053153
-0.035875
-0.00257545
-0.0293684
-7.71E-05
0.00276436
0.00559644
0.00866487
0.0118585
0.0152758
0.0188923
0.0227579
0.026881
0.0312972
0.0195602
0.0360278
0.0211765
0.0411058
0.0224326
0.0465607
0.0524264
0.0587367
0.0655279
0.0728371
0.0807022
0.089161
0.232134
0.0982522
0.108013
0.118479
0.129686
0.141665
0.290616
0.154444
0.294462
0.168046
0.29676
0.182488
0.297522
0.197782
0.21393
0.230927
0.248759
0.267402
0.286814
0.258057
0.30694
0.327741
-0.118453
-0.112077
0.0201088
-0.104765
-0.0969552
-0.0887908
-0.0290581
0
0
0.00214957
0.0153097
0.0148015
0.0201349
0.0182774
0.01785
0.017463
0.0157382
0.0449723
0.102479
0.110539
3.99618
3.98461
0.321538
0.342124
0.363274
0.495414
0.516953
0.537959
0.614092
0.630626
0.725776
0.727842
0.728532
0.727845
0.725783
0.722344
0.630639
0.614103
0.451295
0.429038
0.0164
0.406858
0.321502
0
0
0.246637
0.230051
0.214369
0.199588
0.185689
0.172649
0.160444
0.0450888
0.0297103
-0.116148
-0.131557
-0.141064
-0.145583
-0.094442
-0.0597765
-0.0518794
-0.0443509
-0.0371928
-0.0304257
0.0234043
0.0199799
0.0216509
0.214632
0.229677
0.25333
-0.145423
-0.129401
-0.121163
-0.112272
-0.10315
-0.0938974
-0.0593249
0.00208229
0.0155984
0.0179942
0.0244924
0.0120756
0.0141826
0.018844
0.0188798
0.0168424
0.0134005
0.0158437
0.0655554
0.0911688
0.0986753
0.106697
0.33265
0.505462
0.526729
0.547468
0.622667
0.639025
0.654247
0.730136
0.73357
0.735633
0.461874
0.43983
0.417827
0.332619
0.256895
0.239945
0.223844
0.208601
0.194208
0.180652
0.167911
0.0455975
-0.145322
-0.158623
-0.165363
-0.166729
-0.0615045
-0.0532546
-0.0454225
-0.00728676
0.0205598
0.0222696
0.0241276
0.202003
0.216361
0.228956
0.249897
-0.166451
-0.139127
-0.129048
-0.118638
-0.108286
-0.098032
-0.0610538
0.00227228
0.016073
0.0185218
0.0206221
0.00938622
0.0141073
0.0173816
0.0178738
0.0174211
0.0152334
0.00921909
0.01513
0.0936212
0.101533
0.109982
0.149902
0.342061
0.514135
0.53519
0.555714
0.630154
0.646373
0.661479
0.688144
0.675433
0.0194592
0.612904
0.594668
0.470947
0.449062
0.427177
0.342035
0.2655
0.248219
0.231746
0.174035
0.11002
0.440534
0.332693
0.0457332
0.274586
0.247508
0.234785
0.230774
0.230664
0.231583
0.23464
0.235101
0.239811
0.239986
0.245456
0.245442
0.251033
0.250896
0.255962
0.260381
0.263971
0.266612
0.268226
0.268761
-0.175607
0.268205
0.266569
-0.186691
0.263904
0.260289
0.255842
0.250882
0.250745
0.245259
0.239767
0.234852
0.231337
0.230583
0.234778
-0.0812448
-0.0716258
0.247646
0.267761
0.274903
-0.0626373
-0.0541015
0.318721
0.33095
0.417196
0.436186
-0.0459911
-0.00699855
-0.0020208
0.0249582
0.229713
0.24778
-0.187509
-0.147806
-0.135869
-0.123992
-0.112477
-0.101308
-0.0622296
0.0167215
0.0192103
0.0213503
0.00670065
0.0109478
0.0115747
0.0122172
0.0146953
0.0152559
0.015812
0.0134823
0.00653649
0.0142862
0.0952659
0.103517
0.112325
0.456842
0.478611
0.500216
0.521531
0.542436
0.562804
0.636689
0.652794
0.667817
0.681681
0.694335
0.694357
0.681702
0.562811
0.0176623
0.254902
0.238093
0.178812
0.131782
0.121759
0.112364
0.0803705
0.0735966
0.0454954
-0.00136603
0.0272754
0.0271799
0.0267319
-0.209286
-0.141716
-0.128394
-0.115776
-0.103792
0.0201033
0.0222524
0.0240206
0.0254013
0.0263957
0.00247836
0.010884
0.0101777
0.00945709
0.00875029
0.00803812
0.00391447
0.00337634
0.00279497
0.00432222
0.00718447
0.0101754
0.169022
0.506619
0.588578
0.607444
0.625464
0.642529
0.658568
0.673538
0.687357
0.658589
0.642548
0.419815
0.0566353
-0.000163552
0.260046
0.242926
0.182249
0.133804
0.123453
0.113746
0.0807005
0.0737153
0.0671749
0.061048
0.0553049
0.0499173
-0.000387007
0.0284308
0.028336
0.0278853
-0.246006
0.0251456
0.00282466
0.0072646
0.1709
0.263778
0.281925
0.382017
0.512035
0.593923
0.612762
0.630747
0.647793
0.663823
0.425067
0.263762
0.24635
0.2297
0.213827
0.198738
0.184433
0.124196
0.114242
0.0803872
0.0732465
0.0490001
0.0148693
0.000909146
0.0170463
0.0298627
0.0297629
0.0293116
0.239538
0.25128
-0.280329
-0.094387
-0.00982295
