0.312581
0.332607
0.321875
0.342018
0.301587
0.321496
0.0144928
0.0164558
0.0161946
0.0140961
0.0167526
0.0149179
0.353242
0.362713
0.342082
0.0137158
0.015942
0.374392
0.383872
0.363232
0.0156908
0.0133528
0.0129944
0.0154217
0.417806
0.439805
0.427151
0.449033
0.406844
0.42902
0.0151548
0.0126247
0.0122464
0.0148856
0.0145608
0.0118309
0.0113764
0.0141915
0.0137803
0.0108731
0.0103157
0.0132793
0.567492
0.58678
0.594604
0.575518
0.558248
0.577782
0.605177
0.612826
0.596403
0.00744554
0.00805231
-0.0569144
-0.0276182
-0.093855
-0.0632023
-0.0131051
0.0130092
0.622893
0.630353
0.614342
0.639517
0.646816
0.631166
0.0947092
0.100495
0.045129
0.0514577
0.135783
0.139655
0.654731
0.661926
0.646524
0.0129775
0.0099825
0.0122725
0.00927913
0.0106028
0.0135575
-0.0416967
-0.0641459
-0.088142
-0.117549
0.00894623
-0.00625726
0.0965919
0.0482732
0.668671
0.675789
0.660567
-0.145191
-0.116015
-0.0937223
-0.123959
-0.131454
-0.15839
-0.0641437
-0.0948031
-0.165327
-0.141031
-0.145574
-0.1667
0.733512
0.735573
0.742451
0.740391
0.725719
0.727783
-0.163723
-0.145855
-0.142749
-0.157612
0.736261
0.743138
0.728472
-0.149315
-0.13717
-0.13972
-0.129902
0.725285
0.71912
0.732176
0.726025
0.717473
0.711291
-0.129534
-0.121579
-0.112698
-0.119094
0.711599
0.718525
0.703741
0.702732
0.709689
0.694833
-0.108734
-0.103563
-0.0944103
-0.0985821
0.692535
0.699536
0.68458
-0.0887278
-0.0853632
-0.0765391
-0.0792502
0.668244
0.654218
0.675382
0.661451
0.660116
0.645967
0.638997
0.646346
0.630598
-0.0701605
-0.0679816
-0.0597492
-0.0614882
-0.053228
-0.0518547
-0.0453969
-0.0443273
0.605215
0.586808
0.612866
0.594633
0.596439
0.577808
0.567514
0.575541
0.558268
-0.037986
-0.0371688
-0.030402
-0.0310033
0.547442
0.555689
0.537932
0.526703
0.535165
0.516925
-0.0244386
-0.0240214
-0.0182977
-0.0180394
0.505435
0.514111
0.495385
0.483783
0.492664
0.473458
-0.0125717
-0.0124505
-0.00726438
-0.00726341
0.461863
0.470934
0.451288
-0.00236852
-0.00247254
0.00191701
0.00211429
0.439823
0.449053
0.429034
0.417823
0.427171
0.406858
0.00619066
0.00591113
0.00950756
0.00986071
0.395975
0.40541
0.384877
0.0131307
0.0127121
0.0155375
0.016009
0.00779722
0.00712672
0.353261
0.332627
0.362735
0.342041
0.342097
0.321513
0.312603
0.3219
0.301606
0.0184855
0.0179627
0.29327
0.302391
0.28246
0.0222976
0.0216785
0.0200136
0.0205875
0.0229855
0.023642
0.274691
0.283579
0.264128
0.024614
0.0239272
0.0245065
0.0252166
0.208621
0.194229
0.216113
0.201285
0.19961
0.185711
0.0254651
0.0247369
0.0246336
0.0253634
0.180673
0.187271
0.172672
0.167933
0.174057
0.160467
0.024932
0.0241986
0.0234605
0.0241867
0.15598
0.161621
0.149064
0.0231128
0.0224093
0.0210658
0.0217356
0.1343
0.124494
0.13897
0.12869
0.128485
0.119224
0.185064
0.175934
0.197017
0.201753
0.149681
0.164941
0.115327
0.11906
0.110589
0.216169
0.214637
0.229608
0.228936
0.0987415
0.0912424
0.101602
0.0936975
0.0950158
0.0879879
0.24028
0.242556
0.0842204
0.0862947
0.0814102
0.253883
0.250347
0.259065
0.263531
0.271608
0.266458
0.272528
0.27817
0.0602027
0.0550597
0.0610148
0.0556217
0.0588811
0.0540374
0.283253
0.277265
0.0502059
0.0505429
0.0494541
0.280657
0.286877
0.289048
0.282696
0.0456168
0.0457535
0.0451075
0.283372
0.289768
0.0412698
0.0412298
0.0409759
0.289039
0.282684
0.0371446
0.0369505
0.0370422
0.280634
0.286859
0.189208
0.196161
0.213026
0.210235
0.175571
0.163044
0.0332236
0.0328952
0.0332888
0.283226
0.277229
0.272477
0.27813
0.271551
0.266387
0.025945
0.022527
0.02539
0.0219133
0.0262882
0.0229711
0.25887
0.26334
0.0192411
0.0185709
0.0197402
0.253338
0.249953
0.239501
0.241441
0.2273
0.227241
-0.0926796
-0.123083
0.0163216
0.0158362
0.0146506
0.0140814
0.0178339
0.0174455
-0.144176
-0.115116
0.0153711
0.0135184
0.0170891
-0.157889
-0.131023
-0.165044
-0.140925
-0.145519
-0.166475
0.012425
0.0118872
-0.163423
-0.145732
-0.142451
-0.157106
0.0114093
-0.148696
-0.136725
-0.129416
-0.13918
0.0109783
-0.129097
-0.121193
0.0105389
0.0210528
0.0204529
0.0189221
0.019455
0.022372
0.021745
-0.112216
-0.118672
-0.108289
-0.103176
-0.0980916
-0.0940136
0.00862459
-0.0883622
-0.0849302
-0.0761315
-0.0788577
-0.0698502
-0.0676628
-0.0529712
-0.0514701
-0.0440058
-0.0451122
-0.0611594
-0.0593327
0.670498
0.586772
0.440481
0.404162
0.90566
1.07866
-0.0377732
-0.03685
0.333273
0.314019
-0.0307664
-0.0301139
0.274879
0.265433
0.247504
0.242267
-0.175604
-0.155598
-0.0242594
-0.0237636
-0.0178301
-0.018098
0.234741
0.231861
-0.0124299
-0.0122507
0.230721
0.229087
-0.00708975
-0.00709066
-0.190265
-0.187883
0.231528
0.230608
-0.181182
-0.00221783
-0.00232301
0.00202383
0.00221223
0.235046
0.234584
-0.171659
0.0062516
0.00596826
0.239931
0.239754
-0.160313
0.00959097
0.00990569
0.245389
0.245402
-0.148458
0.0131628
0.0127791
0.0155557
0.0159992
0.250844
0.250982
-0.136263
0.018474
0.0179577
0.255912
0.256136
-0.124462
0.0200093
0.0205634
0
-0.0120204
0
-0.0100567
-0.0129732
0
0.260333
0.260618
-0.112942
0.0222833
0.0216664
0
-0.00856122
0.263924
0.26425
-0.101874
0
-0.0075264
0.266567
0.266918
-0.0913018
0
-0.00684226
0.0245857
0.0238987
0.0244649
0.0251781
0.023625
0.0229756
0.268181
0.268547
0
-0.00635647
0.0254143
0.02469
0.0245869
0.025316
0.268718
0.269089
0
-0.00602432
-0.0716936
-0.0626428
0.268162
0.268528
-0.0540756
0.0248891
0.0241619
0.0234214
0.0241404
0
-0.0057171
0.266526
0.266878
0.023074
-0.0459903
0
-0.00535242
0.263862
0.264188
-0.0383679
0
-0.00489886
0.260246
0.260532
-0.0312042
0.0111624
0.00838885
0
-0.00434956
0.255798
0.256023
-0.0244867
0.00890845
0.011651
0
-0.00370628
0.250699
0.250837
-0.0182148
0.0120761
0.00938657
0
-0.00297264
0.24521
0.245222
-0.0123785
0.00983105
0.0124594
0
-0.00215825
0.239715
0.239535
-0.00697589
0.0128158
0.0102606
0
-0.00128343
0.234797
0.234336
-0.00199869
0
-0.000353338
0.0106914
0.0131546
0.0134891
0.0111064
0.231285
0.230328
0
0.000642206
0.230544
0.228855
0.0115166
0.0138267
0.0141891
0.0119771
0
0.00166344
0.00669728
0.0104244
0.234756
0.231866
0.0137444
0.0125017
0.0145739
0.0149884
0.0130348
0
0.0026906
0.247711
0.242946
0.0135761
0.0154321
0.0166626
0
0.00372328
0.275129
0.267718
0.0191838
0.0158902
0.0141309
0
0.00472681
0.331308
0.319004
0.014694
0.016371
0.0168761
0.0152661
0.0213171
0
0.00570053
0.436349
0.417043
0.0230632
0.0158323
0.0173816
0
0.00662987
0.672779
0.620837
0.0178953
0.0163885
0.0244357
0
0.00748428
0.0254289
0.0169192
0.0183998
0
0.00824939
1.09035
0.929736
0.018904
0.017437
0.0260474
0
0.00890728
0.0263081
0.0179296
0.01941
0.0199241
0.0184124
0
0.0094428
0.0189159
0.0204657
0
0.00983777
0
0.010068
-0.0855326
-0.125243
0.0119269
0.0126617
0.0157453
0.0150312
0.00967517
0.00892968
0
0.0100764
0.0182546
0.0189313
0
0.00982048
0.196386
0.208341
0.0222359
0.0216004
0
0.00931317
0.219344
0.0250972
0.0256472
0
0.00859293
0.229665
0.0292212
0.028768
0
0.0076651
0.239244
0.032631
0.0329666
0.0369001
0.0367384
0
0.00673171
0
0.00701924
0.0410365
0.041086
0.0454859
0.0456079
0.262542
0.255819
0.0503966
0.0500657
0.26813
0.054859
0.0554173
0.0608241
0.0600172
0.275701
0.277613
0.0654878
0.0665706
0.278248
0.0726855
0.0713004
0.0774868
0.079201
0.277599
0.0861481
0.0840786
0.275673
0.0911105
0.0935609
0.101475
0.0986189
0.106643
0.109926
0.268069
0.262459
0.118952
0.115222
0.255704
0.124398
0.12859
0.138879
0.134211
0.144701
0.149853
0.238659
0.228473
0.161545
0.155907
0.167867
0.173989
0.217137
0.204554
0.187209
0.180614
0.194176
0.201229
0.216063
0.208574
-0.154584
0.223822
0.231719
-0.174686
0.248196
0.239926
0.256879
0.26548
-0.185942
0.283548
0.274663
-0.189818
0.0217026
0.0200429
0.293246
0.302363
0.0160591
0.0153594
-0.159839
-0.147846
-0.13589
0.40539
0.395958
-0.123993
-0.112502
-0.101364
0.470913
0.461845
-0.0909518
-0.0808461
0.535143
0.526682
0.555666
0.54742
0.505415
0.514088
-0.071434
-0.0624068
-0.0538655
0.00678108
-0.0457158
-0.0381845
-0.0309803
-0.0243323
0.681193
0.688241
-0.0180542
-0.0121804
0.735575
0.742453
-0.00192075
0.00264165
0.740396
0.733516
0.736969
0.730085
0.0067382
0.013757
0.0166577
0.019173
0.0212975
0.0230434
0.681029
0.688091
0.0194577
0.0200564
0.0181323
0.0176348
0.0244068
0.0253902
0.62264
0.630128
0.0257251
0.0249675
0.0238665
0.0224484
0.00505585
0.00565054
0.00618684
0.00669431
0.00716486
0.37441
0.383893
0.0103255
0.0109625
0.0115936
0.0128815
0.0135155
0.256911
0.265514
0.0141371
0.248235
0.239962
0.223863
0.231764
0.0147321
0.0152964
0.0163039
0.0167446
0.0171831
0.144782
0.149936
0.0110669
0.0141766
0.106756
0.110043
0.0174121
0.0207931
0.0243452
0.0776387
0.079358
0.0728535
0.071463
0.065661
0.0667493
0.0406356
0.0453345
0.0503094
0.0555142
0.0611182
0.0294913
0.029049
0.0734484
0.0802339
0.0874747
-0.0139386
-0.0138266
0
-0.0113634
-0.0112929
0.103457
0.112268
-0.0107896
-0.0107593
-0.00757135
-0.00753887
-0.00544419
-0.00541532
0.121672
-0.0027404
-0.00270933
0.0199031
0.0184127
-0.00025401
-0.000222906
0.00254225
0.002576
0.00534464
0.00537941
0.0179173
0.0193777
0.0188777
0.0174199
0.0083752
0.00841189
0
0.00682939
0
0.00776793
0.00708455
0
0.0115372
0.0115753
0.0149204
0.0149603
0.0169079
0.01837
0.0163624
0.0178639
0.0185048
0.0185463
0
0.008707
0.0223376
0.0223808
0.0264287
0.0264736
0.0308127
0.0308594
0
0.00941134
0.0355123
0.0355606
0.192397
0.20682
0.0158011
0.0173456
0.0168325
0.0152287
0.0405602
0.0406101
0.0459859
0.0460374
0
0.00989828
0.0518239
0.0518768
0.222042
0.0581084
0.0581627
0.00641533
0.0648762
0.0649317
0
0.0101367
0.0721648
0.0722212
0.0800124
0.0800696
0.0884577
0.0885154
0
0.0101062
0.0975397
0.0975975
0.254875
0.272461
0.0129679
0.107296
0.107354
0.117765
0.117822
0
0.00985825
0.12898
0.129036
0.290793
0.140973
0.141028
0.153774
0.153826
0
0.00945162
0.167406
0.167455
0.181886
0.181933
0.197226
0.197269
0
0.00890918
0.21343
0.213468
0.329518
0.349791
0.230491
0.230525
0.248397
0.248425
0
0.00824703
0.267123
0.267144
0.370571
0.286626
0.28664
0.30685
0.306857
0
0.00747882
0.327756
0.327755
0.391767
0.0100769
0.349273
0.349264
0.371295
0.371276
0
-0.0118348
0
0.0066217
0.393739
0.393712
0.413277
0.0096101
0.00914674
0.416509
0.416473
0.439492
0.439446
0
0.00568957
0.462572
0.462516
0.434993
0.485625
0.485561
0.50853
0.508457
0
0.00471298
0.531162
0.53108
0.456796
0.553399
0.553308
0.575121
0.575023
0
0.00370692
0.596215
0.596109
0.478565
0.616573
0.61646
0.636095
0.635976
0
0.00267151
0.65469
0.654566
0.672275
0.672147
0.68878
0.688647
0
0.00164039
0.704139
0.704002
0.542389
0.562757
0.7183
0.71816
0.731214
0.731072
0
0.000614226
0.74285
0.742705
0.753169
0.753022
-0.0374782
0.762159
0.762011
0
-0.000387128
0.769784
0.769634
0.601396
0.619489
0.776042
0.775892
0.780907
0.780757
0
-0.00132432
0.784393
0.784242
0.636848
0.786511
0.786354
0.787204
0.787042
0
-0.0022074
0.786508
0.786351
0.65318
0.784388
0.784236
0.780899
0.780749
0
-0.00303101
0.776032
0.775882
0.668225
0.769771
0.769621
0.762144
0.761996
0
-0.0037758
0.753152
0.753005
0.682041
0.742832
0.742687
0.731196
0.731054
-0.186568
0
-0.00443307
0.718283
0.718143
0.704116
0.703979
0.0100879
0
0.688748
0.688615
-0.12659
0
-0.00499942
0.672242
0.672113
0.748541
0.749228
0.654657
0.654533
0.636063
0.635945
0
0.0101119
0
-0.00547895
0.616542
0.61643
0.596185
0.596079
0.575092
0.574993
0
-0.00589636
0.55337
0.553279
0.746487
0.743062
0.531134
0.531052
0.508503
0.50843
0
-0.00632796
0.485599
0.485534
0.738275
0.462546
0.462491
0.439467
0.439421
0
-0.00685531
0.416484
0.416448
0.732132
0.393714
0.393686
0.371268
0.37125
0
-0.0074934
0.349246
0.349236
0.724645
0.327727
0.327726
0.306818
0.306825
0
-0.00829125
0.286591
0.286605
0.71583
0.267084
0.267106
0.248354
0.248382
0
-0.00931634
0.230443
0.230477
0.705707
0.213377
0.213415
0.197167
0.19721
0
-0.010781
0.181821
0.181867
0.167334
0.167384
0.153696
0.153748
0
-0.0126668
0.140888
0.140942
0.68165
0.667788
-0.0812484
0.128886
0.128941
0.117662
0.117719
0.0207355
0.01871
0
-0.0135334
0.107184
0.107242
0.652766
0.0974178
0.0974755
0.0883259
0.0883835
-0.0123176
0
0.0798703
0.0799274
0.0720123
0.0720686
0.064713
0.0647684
0.0579341
0.0579883
0.619529
0.601425
0.0516383
0.0516911
0.0457887
0.0458401
0.0403511
0.0404009
0.58248
0.0352908
0.035339
0.0305784
0.0306249
0.0261815
0.0262263
0.562781
0.0220771
0.0221202
0.0182307
0.0182721
0.0146322
0.014672
0.542413
0.0112343
0.0112723
0.00805666
0.00809321
0.00500895
0.00504353
0.521507
0.00218844
0.002222
-0.000628396
-0.000597526
-0.00313008
-0.0030993
0.500192
-0.00586041
-0.00583189
-0.0080079
-0.00797565
-0.0112819
-0.0112518
0.478587
-0.0118391
-0.0117674
-0.014415
-0.0143
0
0.456819
0.435015
0.00255715
0.4133
0.370595
0.349816
0.329546
0.30986
0.00438328
0.290826
0.206878
0.222094
0.192461
0.0262126
0.178834
0.165978
0.0257703
0.025007
1.40012
0.990814
0.0239086
0.0224825
0.142491
0.131806
0.121782
0.183319
0.103587
0.0953439
0.0876247
0.248031
0.0613124
0.0557191
0.0504625
0.272531
0.996165
1.41304
0.0246456
0.0211088
0.0177466
0.272487
0.0114089
0.0084329
0.247754
0.0152811
0.0147114
0.0141108
0.190375
0.0128436
0.0121964
0.0115412
0.0102542
0.00962047
-0.187569
0.00905709
0.00852755
-0.180808
-0.171108
0.00800681
0.0172056
0.0176544
0.00696415
0.00645242
0.00590759
0
-0.0135143
0.00530651
0.0046746
-0.190011
-0.160175
-0.208733
-0.0068493
-0.198501
-0.184995
-0.170377
0.0104742
-0.156078
-0.862929
-0.884678
-0.57812
-0.609115
-0.398332
-0.404812
-0.375354
-0.377113
-0.142028
-0.289741
-0.291213
-0.25715
-0.258086
-0.219746
-0.220541
-0.194959
-0.195538
-0.128818
-0.171467
-0.171963
-0.152443
-0.152853
-0.116227
-0.135233
-0.135588
-0.120175
-0.120484
-0.106301
-0.106578
-0.0936951
-0.0939429
-0.104333
-0.0819926
-0.0822171
-0.0711858
-0.0713898
-0.0931232
-0.061097
-0.0612838
-0.0516949
-0.0518667
-0.0428882
-0.0430468
-0.0346505
-0.0347973
-0.0269345
-0.0270707
0.0260079
-0.0197283
-0.0198547
-0.0130106
-0.0131281
-0.00676284
-0.00687246
-0.072607
-0.0632342
-0.00096067
-0.00106315
-0.0544103
0.00438428
0.00428886
0.0262592
0.026157
0.00927253
0.00918391
0.0137282
0.0136455
0.017764
0.0176864
-0.0461128
0.0213892
0.0213164
0.0246007
0.0245324
-0.0383185
0.0274101
0.0273459
0.0298128
0.0297527
0.0318264
0.0317701
0.0207134
0.0334721
0.0334201
-0.0309927
0.0347306
0.0346806
0.0356079
0.0355598
-0.0241679
0.0361364
0.0360889
0.0363089
0.0362612
0.0361428
0.0360982
0.0356249
0.0355832
-0.0177891
0.0348108
0.0347701
0.0336325
0.0335914
-0.0118666
0.0322212
0.0321803
0.0303354
0.030291
0.0283613
0.028316
0.0255646
0.0255125
-0.00637529
0.0231654
0.0231148
0.0182542
0.0181755
-0.00134451
0.0160373
0.0159334
0
0.00765203
0.202847
0.208482
0.00745841
0.011237
0.0145864
0.00814996
0.00864617
0.00915857
0.00970624
0.0200877
0.0222533
0.0240137
0.0122407
0.0254108
0.0264138
0.0270437
0.0273105
0.0158273
0.0267718
0.0259727
0.0248447
-0.158262
-0.114673
0.215341
0.0080716
0.223015
0.231105
0.239031
0.0280869
0.259709
0.264868
0.0320326
0.036199
0.268971
0.271946
0.273747
0.274345
0.271913
0.268921
0.0670871
0.264797
0.0952043
0.238556
0.230253
0.221614
0.131704
0.213091
0.142398
0.153787
-0.188546
0.1659
0.178763
-0.207896
-0.216882
-0.216394
0.238063
-0.209367
0.0828502
0.0760405
0.00362791
-0.198071
0.30983
-0.16999
-0.155565
-0.141608
-0.128348
-0.115723
-0.10394
-0.0927647
-0.0821919
-0.0724072
0.500169
0.492643
-0.0630534
-0.0542132
0.521484
-0.0458596
0.582456
-0.0381607
-0.0308082
0.0159745
0.01562
-0.0240388
-0.0117714
-0.0062823
-0.00130657
0.0160237
0.0159202
0
0.0182492
0.0181707
0.00329658
0.694451
0.023155
0.0231045
0.0255441
0.0254921
0.0283281
0.0282829
0.00747409
-0.0139797
0
0.0302903
0.030246
0.032168
0.0321271
-0.0803668
-0.145393
-0.0137633
0.0335728
0.0335319
0.011236
0.034746
0.0347054
0.0355544
0.0355129
0.0360691
0.0360249
0.014585
0.0362342
0.0361865
0.0360614
0.0360138
0.0355311
0.0354832
0.0175282
0.0346533
0.0346033
0.0333947
0.0333428
0.0317493
0.031693
0.0200728
0.746482
0.0297368
0.0296768
0.0273352
0.027271
0.0245268
0.0244586
0.0222222
0.748543
0.021317
0.0212442
0.0176926
0.017615
0.0136572
0.0135745
0.0239916
0.00919932
0.0091108
0.00431527
0.00421998
-0.00102382
-0.00112627
0.0253742
-0.00682515
-0.00693477
-0.0130719
-0.0131894
-0.0197903
-0.0199167
0.0263684
-0.0269951
-0.0271313
-0.0347106
-0.0348575
-0.0429479
-0.0431064
0.0269955
-0.0517537
-0.0519254
-0.0611554
-0.0613421
-0.0712445
-0.0714485
0.0272579
-0.0820519
-0.0822763
-0.0937572
-0.094005
-0.106366
-0.106642
-0.120239
-0.120548
-0.1353
-0.135656
-0.152511
-0.152921
0.0248188
0.023348
0.694302
-0.171528
-0.172024
-0.195026
-0.195604
-0.219796
-0.220591
-0.257216
-0.258151
-0.289732
-0.291202
-0.375485
-0.377242
0.00105154
0.00179837
-0.398137
-0.404627
-0.863736
-0.885515
-0.608346
-0.577652
0.00245314
0.0828538
0.0762183
0.636663
0.0030322
0.00356665
0.00406341
0.00455029
0.00506641
0.00559191
0.0109214
0.0116098
0.39179
0.0122777
0.0129064
0.0134922
0.0144934
0.0149094
0.01528
0.0156401
0
0.272498
0.254917
0.238109
0.178171
0.181092
0
0.0156276
0.417368
0.425702
2.59626
2.54246
4.65479
0.0100519
0.0131473
0.0163817
0.0197818
0.153872
0.023366
0.0311497
0.0353827
0.112388
0.0398716
0.0446482
0.049721
0.0803946
0.0551216
0.0736203
0.0672697
0.0608754
0.073566
0.0805628
0.0455164
0.0880361
0.0408562
0.0364594
0.0323042
0.0283725
2.59529
2.54113
4.64249
0.423297
0.431546
0.180543
0.183469
0.123365
0.133724
0.144759
0.0145091
0.168972
0.182198
0.00555291
0.196196
0.210975
0.226542
0.0167581
0.0162984
0.0158154
0.260018
0.27789
0.296478
0.315742
0.335623
0.0134834
0.0181447
0.356051
0.37695
0.0109013
0.419785
0.441514
0.463302
0.485029
0.506573
0.00748342
2.4117
4.34812
4.33598
2.40991
0
-0.0131114
0.548632
0.568908
0.58853
0.607393
0.625402
0.00396971
0.642638
0.658865
0.673885
0.167334
0.19887
0.138348
0.687553
0.724633
0.732121
0.730215
0.737699
0.718512
0.726014
0.0163922
0.738266
0.743842
0.732168
0.743056
0.748632
0.736962
0.75206
-0.216869
-0.217315
-0.209808
0.754118
0.754805
0.754121
0.752064
0.743852
0.73771
0.730228
0.721423
-0.08256
0.711313
0.699935
0.687326
0.673509
0.658541
0.642503
0.62544
0.60742
0.588554
0.00328742
0.568933
0.548657
0.506597
0.485053
0.0175426
0.463326
0.441538
0.419808
0.398252
0.376975
0.356078
0.0272165
0.335651
0.00277619
0.000196632
0.315773
0.296513
0.0233754
0.260061
0.242942
0.0215733
0.0194416
0.211034
0.196261
0.144854
0.133827
0.123476
0.104676
0.0961598
0.246641
0.0881874
0.253589
0.0610711
0.0553274
0.0499392
0.273731
0.0236692
0.0201034
0.259613
0.0167157
0.24639
0.0103929
0.00742509
0.0160121
0.0156517
0.205299
0.015303
0.0149244
0.0145081
0.0140219
0.0134813
0.0128902
-0.184337
0.0122561
0.00734068
0.00801894
0.00669804
0.00604753
0.00546701
0.00436864
0.00383817
0.00330563
0.00270261
0.00206023
-0.0176369
-0.0135663
0
-0.253183
-0.24668
-0.21586
-0.197555
-0.17949
-0.162339
-0.146595
0.0271656
0.0259399
-0.0942256
-0.0832375
-0.0729661
0.0215619
-0.0304083
-0.0377578
-0.0235068
-0.0110507
-0.00548308
-0.000339408
0.00430894
0.00851642
0.00615162
0.144884
0.195445
0.101014
0.00678707
0.00741631
0.00808244
0.0087915
0.0212114
0.0233711
0.025172
0.00949719
0.0102168
0.0265707
0.0275725
0.0282013
0.0284675
0.0140286
0.02837
0.0152517
0
0.0279164
0.0271065
0
0.01524
0.0259469
0.0070694
0.0502744
0.113954
0.227737
0.220493
0.219126
0.0271496
0.221627
0.226466
0.257812
0.252168
0.262633
0.266503
0.067014
0.269326
0.27104
0.271609
0.0960192
0.271022
0.104546
0.11365
0.257707
0.262554
0.1565
0.232075
0.238924
0.225639
0.220392
-0.194415
-0.2285
0.242894
-0.247205
-0.232711
-0.246298
-0.215538
0.0225861
0.0244259
-0.196944
-0.17897
0.398227
-0.0830522
-0.0939804
3.98387
2.2619
2.26416
3.99579
0
-0.0126863
-0.0631868
-0.0541543
0.527814
-0.0456314
-0.0377951
-0.0303691
-0.0234391
-0.0169854
-0.0110068
-0.00548225
-0.000402555
0.00424496
0.700062
0.00846011
0.0122544
0.711288
0.705684
0.721407
0.715814
0.0156311
0.0185982
0.0211634
0.0233306
0.025116
0.0265105
0.0275122
0.0281449
0.0284118
0.0283202
0.748639
0.0270716
0.0259201
-0.000925591
-0.00164786
-0.000311412
0.000231677
0.000721505
0.00120747
0.0017081
0.00225217
0.00282128
0.527839
0.00491745
0.00418572
0.00568576
0.00968222
0.00891419
0.0104196
0.0111054
0.0117348
0.0127824
0.0131728
0.0134913
0.277929
0.00420454
0.00313023
0.00594985
0.00518247
0.226596
0.00890131
0.0119684
0.18227
0.0151965
0.0185982
0.169051
0.156586
0.0221909
0.034288
0.0300165
0.11377
0.0388227
0.0436532
0.0488032
0.0807251
0.0542911
0.0737396
0.0671986
0.0601496
0.0664082
0.0730977
0.0448795
0.0401227
0.0356449
0.0274382
0.124108
0.134732
0.146045
0.0134875
0.158076
0.170849
0.00458794
0.0187163
0.0164225
0.198693
0.213786
0.229663
0.281881
0.263733
0.300724
0.320219
0.340308
0.360919
0.0115825
0.381973
0.0108885
0.0101784
0.425035
0.446839
0.00945174
0.00873777
0.468677
0.490433
0.511989
0.00491505
0.574279
0.554027
0.593876
0.612713
0.630691
0.647729
0.00135722
0.664083
0.679022
-0.0131309
0
0.692734
-0.167229
-0.0858136
0.705124
0.716499
-0.0791829
-0.0740185
-0.141757
-0.163295
-0.00145411
-0.00515513
0.726612
0.735413
0.00179983
-0.00076786
0.742899
0.749047
0.0138835
0.0140704
0.753842
0.151465
0.111273
0.0568277
0.116749
0.174159
0.149171
0.757273
0.0803804
0.0176475
0.75933
-0.0589021
0.760016
0.759333
0.757277
0.0203919
0.0225998
0.753849
0.749056
0.726628
0.735427
0.716522
0.189534
0.243304
0.705149
0.692549
-0.230072
-0.248089
-0.196984
0.678745
0.663796
-0.23316
0.593901
0.574305
0.554053
0.533252
-0.118574
-0.132006
-0.105973
0.512014
0.490458
0.468701
-0.0632961
0.446863
0.42506
0.0148291
0
0.360947
0.381999
-0.0170386
0
0.0148177
0.320252
0.300759
0.246366
0.263776
0.229717
0.0123183
0.213846
0.198759
0.184455
0.018662
0.170928
0.134834
0.146139
0.12422
0.0962138
0.104942
0.0880485
0.0544981
0.0603452
0.049022
0.009945
0.069571
0.0438892
0.0390729
0.0224953
0.01892
0.0155321
0.00629722
0.00924964
0.0137546
0.0139458
0.0135143
0.0131979
0.0127876
0.012295
0.269289
0.0117273
0.0110928
0.25203
0.253457
0.010402
0.00965938
2.10478
3.626
3.61432
2.10217
0
-0.0122519
0.00888627
0.217835
0.00485245
0.00410855
0.00336513
-0.252736
0.00271205
0.0203793
0.019436
0.00155017
0.00101553
0.000471169
-9.09E-05
-0.000702059
-0.146181
-0.131581
-0.161992
-0.00138389
-0.0728006
0.00057659
-0.00217801
0.00320136
-0.000272709
-0.00308672
0.00235655
0.0169584
0.0177429
-0.238384
0.0143156
0.263852
-0.00121871
-0.00407818
0.00140024
-0.0639256
-0.166791
-0.00177711
0.000751177
0.199144
0.193838
0.230507
0.220175
0.187718
0.0148224
-0.0207269
0.060078
0.0278712
0.0267185
0.0177705
0.0169784
0.0143779
0.0148524
-0.28113
-0.00353931
-0.00459856
0.252021
-0.231988
-0.257348
-0.208199
-0.119952
-0.134221
-0.106788
-0.0945599
-0.0832485
-0.0726818
-0.0628321
0.0122972
-0.022444
-0.0294109
-0.0159215
-0.00987565
0.000359501
-0.00420734
-0.0683088
-0.0184082
0.182942
0.0663062
0.00561653
0.00985918
0.0136764
0.0226009
0.0200533
0.0248031
0.0293514
0.0298018
0.0285314
-0.235908
0.08025
0.0189503
0.0216819
0.233654
0.253626
0.114146
0.248373
0.232665
0.184383
0.269441
0.269993
0.269422
0.267741
0.266447
0.264994
0.403378
0.533226
-0.279301
-0.298242
-0.0126876
0
-0.297851
-0.00251663
-0.256851
-0.231579
0.0189661
0.0216855
-0.207886
-0.149556
-0.166825
-0.13405
-0.0627515
-0.0535661
-0.00510023
-0.00221851
-0.044958
-0.029399
-0.0224186
-0.01591
-0.0042664
0.000867708
0.00555228
0.0136108
0.0170055
0.0199871
0.0225627
0.0247373
0.0265317
0.0279359
0.612738
0.279903
0.0295751
0.0298409
0.0297475
0.0284919
0.0273352
0.0258146
0.0239334
0.0143825
0
0.340338
0
0.0143712
0.28192
-0.00249997
-0.00204334
-0.0015618
0.114266
0.010493
0.0110084
0.0114153
0.0732711
0.0665927
0.0804121
0.0046366
0.00186609
0.00753523
0.010574
0.034548
0.0262802
0.042224
0.0474034
0.052936
0.058852
0.00350221
0.0651818
0.0719578
0.0792126
0.113694
0.123849
0.134681
0.158495
0.171525
3.22983
1.92967
1.93251
3.24131
0.185328
0
-0.0118241
0.199917
0.215298
0.00563077
0.00212192
0.0141182
0.36464
0.385915
-0.000445767
-0.0028884
0.407521
0.429359
0.451324
0.473303
0.495182
0.516843
0.53817
-0.129112
-0.0104029
-0.167883
-0.284243
0.710487
0.721886
0.732012
0.011428
0.0114922
0.275814
0.740828
0.0158217
0.748326
-0.0056561
0.754476
0.294278
0.75927
0.76272
0.764797
0.177351
-0.299031
-0.298019
-0.280948
0.732028
0.721907
0.710509
0.015809
-0.186824
-0.16725
-0.149832
0.617919
0.599038
0.579389
0.538196
0.516869
0.495208
0.473329
0.451349
-0.0536362
-0.0541725
-0.0457521
-0.0449
-0.0368637
0.323465
0.303705
0.284596
0.248466
0.231522
0.00093018
0.215357
0.199982
0.0170707
0.0156943
0.185399
-0.00610496
-0.00732969
0.134782
0.123958
0.0265747
0.113813
0.028
0.0289993
0.029635
0.0299008
0.334589
0.0793731
0.0721295
-0.00675836
-0.00793958
0.0653648
0.0273601
0.0244522
0.0258532
0.0239661
0.042456
0.0376181
0.0330815
0.0302908
0.0288214
0.0314233
0.0248151
0.0210412
0.0174808
0.226424
0.00498794
0.00222927
0.225936
0.228836
0.232582
0.233718
0.239479
0.239229
0.24589
0.245527
0.251377
0.0115619
0.0117338
0.256719
0.261331
0.265053
0.26778
0.011432
0.011016
0.0104934
0.00987898
0.00918441
0.261247
0.256609
0.251235
0.233392
0.239256
0.228386
0.000789698
7.74E-05
0.22541
0.226152
-0.000565051
0.0114847
-0.0027706
-0.00333507
-0.00398562
-0.0122527
0
-0.280641
-0.186451
-0.0271069
-0.364005
-0.119791
-0.118216
-0.105738
-0.106619
-0.0944357
-0.0831176
-0.0725861
-0.375087
-0.355159
-0.317242
-0.0369053
-0.278884
-0.244787
-0.00986404
-0.216247
-0.191771
-0.170818
-0.152156
0.00979435
-0.135766
-0.120719
-0.107118
-0.0945335
-0.083007
-0.0722348
0.0289478
-0.0622589
-0.0528927
-0.0441839
0.0292894
-0.0360618
-0.0284976
-0.0214716
0.0139265
0
-0.0149015
-0.00874532
-0.00310175
0
0.0139156
-0.123158
-0.00501969
0.0118688
-0.00350514
-0.00416928
-0.00296682
0.0212954
0.0238791
0.388057
0.0260623
0.0278607
0.0292662
-0.00103803
-0.000460436
0.000166964
0.00345743
0.000865875
0.00163059
0.0308997
0.0311631
0.00242222
0.00326994
0.0310647
0.00649348
0.0041477
0.00502722
0.00730335
0.0306064
0.0297961
0.00762445
0.00678086
0.00843733
0.0271174
0.0252084
0.00919331
0.00988332
-0.0121912
0.186544
0.0201148
0.0168567
0.0119049
-0.00845572
0.292959
0.372098
-0.00613049
-0.00899528
-0.00332042
0.01378
0.0171615
0.0207383
0.0259906
0.024527
0.0285481
0.0328229
0.0373727
0.0869797
0.0878975
1.74879
2.84624
2.8349
1.74581
0
-0.0114235
0.104187
0.104812
0.245349
0.245712
0.146221
0.231469
0.246317
0.248418
0.266127
0.284557
0.303669
0.323433
0.343786
-0.354959
-0.316813
-0.278676
-0.244742
-0.21618
-0.191776
-0.152179
-0.135571
0.559046
0.579362
0.599011
0.617892
0.635912
-0.0828969
-0.0721712
-0.0621776
0.652985
0.669045
-0.0528537
0.684223
0.698045
-0.0441484
-0.0148803
-0.00873525
-0.00310304
0.00202412
0.00672569
0.765488
0.7648
0.762724
0.0148236
0.0182334
0.759278
0.754486
0.0212273
0.74291
0.748338
0.740842
0.0259945
0.0277937
0.0291993
0.0302051
0.684049
0.697877
0.669076
0.0308357
0.647768
0.653017
0.635939
0.630723
0.559073
0.027092
0.0251851
0.0229208
0.0201277
0.0168755
0.429384
0.403403
0.407546
0.385941
-0.00697844
-0.00428033
0.364668
0.343815
0.26617
0.171603
0.158163
0.15858
0.146314
-0.00566995
0.00591574
0.00812101
0.104315
0.0954316
0.087129
0.059046
0.0531417
0.0476213
-0.000829388
-0.00189271
0.00348233
0.00635856
0.00936771
0.0141131
0.0125502
0.0123191
0.0109249
0.00788819
0.0159055
0.0232282
0.0272333
0.0314962
0.0360414
0.0408937
0.0118687
0.0118613
0.0117254
0.063938
0.0707613
0.0780754
0.00842419
0.112929
0.123213
0.00760688
0.00675898
0.13419
0.00808844
0.00589006
0.00499714
0.00726496
0.00644759
0.00411157
0.00322633
0.158335
0.17155
0.00237042
0.00156829
0.185552
0.20035
0.21595
-0.00224336
-0.0118435
0
0.367118
0.388596
0.410394
0.432411
0.454541
0.476672
0.498688
0.520472
0.541909
0.153591
0.62196
0.640041
0.65717
0.752757
0.758947
0.763722
0.76925
0.769946
0.0125506
0.769252
0.397058
0.763729
0.758957
0.752768
0.688313
0.673302
0.657198
0.0134717
0
0.583314
0.562911
-0.0094692
0
0.0134629
0.541936
0.355099
0.511165
0.00208836
0.00679101
0.0110554
0.325537
0.305551
0.286185
0.0148902
0.0183006
0.012578
0.134289
0.123321
0.0302709
0.113047
0.103434
0.0944508
0.0860624
0.0782341
0.0286241
0.0709312
0.0641193
0.0229165
0.0411229
0.036284
0.0317529
0.0275046
0.023514
0.0197608
0.0162213
0.00971377
0.00671789
0.00383944
2.43987
1.5549
1.55782
2.45109
0
-0.0111212
-0.00653467
-0.00897416
-0.339402
0.106198
-0.130259
0.434393
-0.362496
-0.284097
-0.374707
-0.513494
-0.48732
-0.429837
-0.353942
-0.297905
-0.2555
-0.170765
-0.222699
-0.195471
-0.172917
-0.120601
-0.153261
-0.106972
-0.0944457
-0.136116
-0.120668
-0.106725
-0.0939476
-0.082221
-0.0360242
-0.0713623
-0.0612648
-0.0284835
-0.0214588
-0.0518437
-0.0430612
-0.0348643
-0.0272144
-0.0200745
-0.0134051
0.0109894
-0.0072142
-0.00157539
0.0238111
0.0125554
0.00826802
0.0164163
0.0198461
0.0228578
0.575862
0.0254518
0.0276312
0.0311007
0.0294517
0.0308852
0.031006
0.0305529
0.0318833
0.0297517
0.0285868
0.0325091
0.0327717
0.0326774
0.0322206
0.0314266
0.0302571
0.0287722
0.0268409
0.024624
0.0216776
0.0185375
0.013666
-0.130946
0.435717
-0.0115301
0
0.0118166
0.0116955
0.0117964
0.0116624
0.000767377
0.0194601
0.0460805
0.0516298
0.0575718
-0.335055
-0.511329
-0.486535
-0.429743
0.0859146
-0.353988
-0.297977
-0.255564
0.103307
-0.222768
-0.19554
-0.172986
0.0129426
0
0.145888
-0.153328
-0.136179
0
0.012939
-0.12073
-0.106789
0.232347
-0.0940097
0.249527
0.267469
-0.082283
-0.0714221
0.286146
0.305516
-0.0519025
-0.0431193
0.325504
0.346058
-0.0349218
-0.0272749
-0.0201336
-0.0134622
-0.00727086
-0.00163776
0.00347945
0.00819892
0.0124867
0.0163466
0.583287
0.562884
0.603012
0.0197754
0.022786
0.0253798
0.0275591
0.673276
0.0293795
0.0308134
0.688303
0.702173
0.0318129
0.714824
0.726243
0.0324414
0.0327056
0.736391
0.745236
0.0326139
0.0313743
0.0302124
0.028737
0.767142
0.0268145
0.0246095
0.0216809
0.767147
0.0185553
0.013698
1.36173
2.06212
2.05168
1.35926
0
-0.0112161
0.745251
0.736407
0.726261
0.702174
0.640068
0.621988
0.603039
0.520499
0.498714
0.476698
0.454567
0.432437
0.41042
0.388623
0.367146
0.346087
0.0223505
0.0223344
0.0222281
0.0223581
0.0224112
0.0225901
0.0136579
0.0413257
0.0596267
0.0304442
0.0257313
-0.000213014
0.445251
0.468427
0.46275
0.485383
0.425919
0.449926
0.0270849
0.0293838
0.027769
0.0303491
0.0263955
0.0283892
0.21856
0.232207
0.243078
0.256562
0.189944
0.204052
-0.013169
0.00215857
-0.0249661
-0.0252843
-0.0518141
-0.0629076
-0.0385444
-0.0372752
-0.00873943
0.0908324
0.123568
0.0927195
0.0593799
0.122797
0.154391
0.255957
0.238809
0.276474
0.262031
0.238642
0.211103
0.267511
0.512399
0.532856
0.528319
0.548569
0.495064
0.516047
0.124072
0.154868
0.0916304
0.123143
0.157894
0.187651
0.552564
0.567783
0.536252
0.249574
0.232399
0.216008
0.200414
0.0305775
0.0280175
0.0314473
0.0286504
0.0296159
0.0273462
0.127489
0.157315
0.61577
0.627804
0.629443
0.641503
0.600758
0.612958
0.0620242
0.0978177
0.185622
0.171627
0.638559
0.652127
0.623864
0.114413
0.10006
0.0925653
0.105919
0.108478
0.123846
0.0224737
0.0222153
0.163302
0.128157
0.135167
0.0985979
0.191722
0.158419
0.14598
0.170984
0.197579
0.666975
0.670494
0.680278
0.683773
0.652592
0.65614
0.145183
0.107466
0.133966
0.106144
0.0682824
0.143593
0.16947
0.672602
0.685868
0.658264
0.118646
0.0791739
0.215897
0.181508
0.205153
0.673304
0.686566
0.658971
0.160371
0.12125
0.155999
0.178729
0.672603
0.685869
0.658264
0.135574
0.0956367
0.196074
0.215524
0.182072
0.141126
0.17189
0.190417
0.666978
0.662039
0.67538
0.680282
0.652594
0.64761
0.118028
0.156525
-0.00951342
-0.00833233
0.655667
0.669062
0.641174
0.170977
-0.00551135
0.647848
0.661317
0.633268
-0.00324568
0.228362
0.638568
0.652138
0.623871
0.0577645
-0.000545265
0.00209181
0.127988
0.0310551
0.0303835
0.0403236
0.0417988
0.0209771
0.0213268
0.0518341
0.0462969
0.00496642
0.0927557
0.0607392
0.0339819
0.0656891
0.57013
0.552161
0.584793
0.567192
0.554194
0.53581
0.00791862
0.0204386
0.0416947
0.0110827
0.53289
0.548342
0.51607
0.0110687
0.51242
0.528339
0.495073
0.0143737
0.0178883
0.468428
0.445252
0.462754
0.485387
0.449924
0.42615
-0.0483506
-0.055024
-0.0337404
0.0216117
0.421557
0.439592
0.401871
0.0255781
0.397565
0.416104
0.377336
-0.0397267
-0.0589012
-0.0605218
-0.0433638
0.0298035
0.0128813
0.37351
0.392501
0.352804
-0.0586887
-0.0451036
-0.0450434
-0.0603429
-0.0438972
-0.0559226
0.0343168
-0.0523707
-0.0417533
0.0391413
0.0764761
0.0691485
0.084342
0.281156
0.260017
0.301055
0.279854
0.259616
0.238603
0.0443066
0.00114276
0.239959
0.259609
0.218808
-0.038829
-0.048231
-0.0436841
-0.0353703
0.0498413
0.221078
0.240418
0.200338
0.0557772
-0.00149844
-0.00386508
-0.0314956
-0.0389013
-0.0339319
-0.0274097
0.203435
0.222347
0.183239
0.0224245
0.0224978
0.0221387
0.0222935
0.0225077
0.0223481
0.0621462
0.187065
0.205441
0.167512
-0.0232369
-0.0289585
-0.0239908
-0.018969
0.0689826
0.172004
0.189715
0.153183
0.0347976
0.0360205
0.0393447
0.0376166
0.0328559
0.0321247
0.0763211
-0.00651161
-0.00992519
-0.00561576
-0.00267973
-0.0144423
-0.0105257
0.0841973
0.145549
0.134162
0.161747
0.149516
0.128423
0.117896
0.0943135
0.095293
0.0926471
0.000939597
-0.00160099
0.00213611
0.00432213
0.101706
0.00744992
0.00558121
0.00871879
0.0102982
0.0983007
0.118718
0.110129
0.0859006
0.11141
0.0914266
0.102383
0.0799741
0.0128568
0.0115412
0.0140274
0.0151132
0.029167
0.032178
0.0262138
0.0258641
0.121793
0.0284261
0.0312362
0.0170957
0.0162129
0.0180833
0.0187898
0.144716
0.157314
0.0201451
0.0196216
0.020836
0.0211824
-0.00476403
0.170699
0.0219162
0.0217169
0.0222865
0.0550438
0.0519042
0.0599476
0.0562037
0.0499708
0.0474288
0.199893
0.215714
0.0489708
0.052661
0.0450676
0.277458
0.263818
0.281509
0.295218
0.232346
0.310397
0.296551
0.249776
0.0433565
0.040684
0.0460292
0.0429343
0.0405014
0.0382797
0.309085
0.323068
0.154937
0.125421
0.0936345
0.185869
0.267986
0.0381097
0.0399457
0.0360935
0.33347
0.319371
0.286931
0.0355752
0.0370726
0.0339307
0.327594
0.341789
0.306553
0.348149
0.333881
0.32684
0.0220613
0.0219996
0.338318
0.352637
0.347718
0.35531
0.340961
0.369063
0.0228924
0.0233197
0.0221702
0.0224107
0.0234353
0.0240575
0.341839
0.356199
0.525387
0.502886
0.533868
0.51121
0.51552
0.494526
0.390815
-0.0161219
-0.0171779
-0.0229381
-0.0216474
-0.0117855
-0.0109379
0.0238411
0.0227228
0.0247904
0.355313
0.340962
0.412891
0.33832
0.352642
0.435179
-0.0017177
-0.00116412
0.457571
0.348155
0.333883
0.327595
0.341794
0.0247909
0.0243349
0.479952
0.333477
0.319371
0.0222104
0.502205
0.308926
0.323067
0.023437
0.0229791
0.0224692
0.0229523
0.0235581
0.0239949
0.524213
0.310222
0.295991
0.280494
0.294703
0.567024
0.587601
0.607485
0.626576
0.061675
0.0351118
0.0665834
0.179013
0.20782
0.644784
0.0423007
0.0116352
0.662028
-0.00878214
0.0205597
0.678235
0.001802
-0.0258822
0.693337
-0.0391545
-0.0134735
0.707274
-0.0253234
-0.0488661
0.0252133
0.720001
0.225973
0.197372
-0.0552312
-0.0338959
0.664026
0.673185
0.651379
0.68456
0.675533
0.73148
-0.0116375
0
-0.0397618
-0.0589859
-0.060536
-0.0433921
0.741671
0.028996
-0.0450439
-0.0602674
0.750559
-0.0585958
-0.0450892
0.758106
-0.0439049
-0.0558752
0.527256
0.508067
0.516982
0.497658
0.535952
0.516902
0.764336
-0.0523345
-0.0417379
0.769147
0.0256357
-0.0388214
-0.0481752
-0.0435664
-0.0353373
0.772554
0.774641
-0.0338218
-0.0273897
-0.0231584
-0.0288192
-0.0387448
-0.0314891
0.775327
0.00282203
-0.0239047
-0.0189569
0.774643
-0.0192686
0.77256
-0.0147157
-0.0190501
-0.0143777
-0.0105681
0.769154
-0.00655451
-0.00985797
-0.00562429
-0.00269598
0.764346
0.00095184
-0.00158735
0.758119
-0.0703527
-0.0747114
0.00211799
0.00430257
0.750574
-0.0764297
0.00556129
0.00744657
0.741687
-0.0760169
0.731498
0.0128012
0.0114853
0.00866393
0.0102553
0.0140054
0.0150697
0.714838
0.720021
-0.0706688
-0.066426
0.0170513
0.0161986
0.707296
0.693359
0.0200493
0.0195723
0.0180435
0.0187072
0.0207747
0.0210914
-0.0507597
-0.0563181
0.232068
0.678261
0.0218126
0.0216537
-0.0450744
0.662058
-0.0393561
0.644815
-0.0336634
0.0266304
0.024547
0.0250562
0.0240608
0.0259006
0.626606
0.0251861
0.0236286
0.023204
0.0245191
0.607515
0.13834
0.1284
0.148994
-0.0191407
-0.0175877
-0.0227774
-0.0147019
0.0239329
0.0228531
0.0225402
0.0233982
0.58763
-0.0126619
0.0229312
0.0223157
0.0221893
0.0225442
0.567052
0.545886
0.524241
0.0328973
0.0340584
0.502233
0.036939
0.0354351
0.47998
0.0176345
0.0155843
0.0379984
0.0398634
0.457598
-0.0922289
-0.0897766
-0.0927528
0.0193189
0.435206
0.0428212
0.040578
0.0432511
0.0458776
0.249268
0.0118485
0
0.412918
0.0491317
0.0459987
0.0223654
0.0216861
0.390842
0
0.0118572
0.369092
0.25243
0.269704
0.0619284
0.0681074
0.0638287
0.0583286
0.0727217
0.065811
0.326871
0.306587
0.284425
0.286968
0.296683
0.0700073
0.0777003
0.0830676
0.0745518
0.268027
0.306742
0.0795265
0.0888744
0.249821
0.514656
0.527013
0.505683
0.492946
0.547663
0.535673
0.314788
0.0952864
0.0851193
0.232396
0.320945
0.0913725
0.102321
0.110075
0.0982523
0.215769
0.325291
0.105877
0.11867
0.199955
0.32788
0.12804
0.114379
0.184957
0.0306933
0.0393135
0.32874
0.123818
0.138306
0.170774
0.546286
0.536124
0.554831
0.32788
0.149489
0.134138
0.157396
0.0217806
0.325291
0.145534
0.161727
0.144806
0.320943
0.171998
0.189706
0.17515
0.158179
0.205436
0.187064
0.132982
0.314786
0.35835
0.383443
0.331602
0.357356
0.38477
0.409048
0.203439
0.222346
0.121898
0.30674
0.111525
0.29651
0.239969
0.259611
0.240418
0.221085
0.279858
0.260029
0.101831
0.283793
0.146427
0.124294
0.138465
0.161563
0.111645
0.132683
0.0927817
0.268196
0.0224384
0.369001
0.349639
0.37352
0.392505
0.326145
0.345797
0.416107
0.397572
0.0623235
0.0301069
0.00400864
0.0559661
-0.0188042
0.00603456
0.421558
0.439591
0.050042
-0.0376022
0.507297
0.490873
0.0445191
0.0225541
0.0225023
-0.0523232
0.0393662
-0.0634104
0.0345549
-0.0707615
0.0300561
-0.0749202
0.0960737
0.0258456
-0.0764601
0.616446
0.602304
0.034246
0.0330819
0.0218938
-0.0759471
0.0319623
0.0289355
0.0181849
-0.0737929
0.661308
0.647841
0.0146854
0.347747
-0.0910813
-0.109686
-0.107393
-0.0862542
-0.108997
-0.0928313
-0.0705121
-0.0662616
-0.000412257
0.00593653
0.0024066
0.0080453
-0.00324612
0.00388091
0.00826549
0.00533311
0.326134
0.303248
0.34579
0.323085
0.281723
0.30476
0.675375
0.662035
0.00247668
-0.000144414
-0.0391331
-0.0448035
-0.0765231
-0.104186
-0.0567466
-0.0861652
-0.116476
-0.0912227
-0.00282133
1.69799
1.16867
1.1699
1.70841
-0.0334455
-0.00506914
-0.0279756
0.0227236
0.683776
0.670496
-0.00784641
-0.0225698
-0.00904477
-0.0174727
-0.0125292
-0.00794753
0.442875
0.442112
0.424251
0.42338
0.461605
0.460992
0.00149352
0.0591589
0.0563654
-0.00357606
0.641519
0.627817
0.000417959
0.00414854
0.615588
0.629461
0.615971
0.601885
0.0226799
0.0227336
0.0229795
0.0231028
0.0105706
0.013272
0.60107
0.586722
0.507305
0.490878
0.0227514
0.0224561
0.289708
0.308827
0.328501
0.310131
0.286333
0.266475
0.368994
0.349624
0.0214807
0.0214057
0.0214869
0.0350603
0.0382297
-0.123988
-0.127187
0.0448555
0.048352
0.175164
0.158187
0.0520659
0.13834
0.0689846
0.0739028
0.07918
0.128082
0.0848608
0.0909935
0.0976294
0.0795955
0.0889507
0.0953554
0.0851817
0.0831491
0.074625
0.0221333
0.022522
0.0227688
0.0218424
0.112628
0.121225
0.1307
0.0620212
0.0682077
0.0728146
0.0658981
0.0639368
0.0584272
0.140876
0.151904
0.163932
0.20614
0.222425
0.0492739
0.0461219
0.258207
0.277645
0.298027
0.115134
-0.0110863
-0.0106619
-0.00744004
0.386618
0.409762
0.0220392
0.0225988
-0.00532721
0.432943
-0.00261582
-0.000129036
0.478644
0.500788
0.00267724
0.522228
0.023096
0.0244168
0.00548389
0.542802
0.00852193
0.562628
0.0116897
0.01508
0.629137
0.642114
0.0186709
0.654027
0.0225105
0.664538
0.0266083
0.673633
0.0932661
0.0601872
0.0309992
0.669055
0.681316
0.655661
0.0357054
0.687592
0.0626224
0.0407599
0.0281511
0.692465
0.0461918
0.695941
0.0692852
0.0520356
0.698025
0.144944
0.0583254
0.0259614
0.0811207
0.69872
0.0650978
0.698027
0.0723903
0.0999859
0.695944
0.0533071
0.0631968
0.0802409
0.0752064
0.0886881
0.160321
0.687599
0.681325
0.0977707
0.673643
0.107527
0.137811
0.172016
0.169107
0.66455
0.117992
0.654046
0.129203
0.642135
0.141191
0.628833
0.153983
0.614162
0.653581
0.640783
0.665367
0.167605
0.598162
0.182072
0.246874
0.276535
0.247329
0.216613
0.304832
0.276287
0.580887
-0.0739689
0.197397
0.562409
0.213583
0.542821
0.230624
0.170501
0.52224
0.248507
-0.0616011
0.267208
0.478654
0.455976
0.286683
0.43295
0.306877
0.0679237
0.01587
0.409766
0.327751
0.386619
0.349234
-0.0281468
0.363699
0.37122
0.341188
0.393629
0.319248
-0.00805598
0.0975875
0.129363
0.124853
0.15709
0.0725033
0.103659
0.416362
0.298027
0.439307
-0.00368075
0.00034019
0.154178
0.113973
0.462349
0.0257022
0.0267175
0.0254743
0.0248051
0.0279402
0.026628
0.0212114
0.0201718
0.0196806
0.0207409
0.020678
0.0217076
0.258212
0.239795
0.478079
0.474843
0.458928
0.455007
0.497712
0.49342
0.00408084
0.00745353
0.485366
0.222437
0.508235
0.0221224
0.0224939
0.206157
0.530832
0.191014
0.553036
0.17698
0.0206711
0.574727
0.163964
0.595792
0.151942
0.616123
0.140923
0.635621
0.130751
0.654194
0.121282
0.67176
0.688248
0.0156201
0.0152928
0.0127904
0.0174404
0.0176326
0.104907
0.0977095
0.203401
0.21439
0.23007
0.218602
0.189131
0.703592
0.0910799
0.71774
0.730644
0.0792796
0.0740103
0.742271
0.0691007
0.752583
0.200343
0.218818
0.183242
0.0645034
0.761567
0.0601788
0.769187
0.775442
0.0522197
0.0485185
0.780305
0.0449941
0.783788
0.0416232
0.785893
0.0383984
0.786576
0.0352438
0.785891
0.783783
0.780297
0.0215478
0.0213682
0.775431
0.0212798
0.769174
0.0212673
0.439604
0.420768
0.761552
0.0213251
0.752566
0.0214562
0.742253
0.0216367
0.702716
0.709673
0.699515
0.692514
0.711587
0.730626
-0.00214283
0.021803
0.717723
0.537912
0.516906
0.703569
0.0225067
0.0226954
0.688216
0.671727
0.654161
-0.061394
0.120938
0.100528
0.0910312
0.110118
0.0228851
0.635589
0.616092
0.595762
0.574698
0.553007
0.188928
0.217
0.530804
0.508208
0.48534
0.462324
-0.024521
-0.0190006
-0.0280242
0.439282
0.416337
0.393603
-0.0278935
-0.0484696
0.00750563
-0.0648211
-0.00505329
-0.0061095
-0.00971617
-0.00163775
-0.000782605
0.371194
0.349206
0.327722
0.306845
0.140165
0.152964
0.128408
0.286647
-0.0859127
-0.0810144
0.0216403
0.0206301
0.0223152
0.267169
-0.0754192
0.248464
0.0297236
-0.0693549
0.0264051
0.0295353
0.230576
0.0229704
0.0254781
0.21353
0.197338
-0.0565723
-0.0500981
-0.0436588
0.021958
0.0221697
0.0217427
0.182007
-0.0374503
0.167533
-0.031424
0.0215774
0.0214441
0.153905
0.141105
-0.00983973
-0.0147844
0.129109
-0.00521382
0.0216274
0.117889
-0.000921474
0.107414
0.00302243
0.0976484
0.71911
0.725276
0.00661648
0.0885559
-0.0174018
-0.0119826
-0.0231888
0.0800984
0.0415273
0.0722374
0.0649343
0.0174123
0.0192207
0.0206894
0.0581507
0.052525
0.0559526
0.0518495
0.0600445
0.0560768
0.0643783
0.0598304
0.239624
0.0459942
0.0288961
0.0225791
0.0230242
0.0405503
0.0231429
0.0354836
0.0307645
0.0263607
0.259901
0.274098
0.104834
0.0222496
0.285929
0.0183962
0.0915233
0.0974324
0.104903
0.0983387
0.0904738
0.0851909
0.295647
0.0147913
0.303435
0.0113863
0.00820285
0.313616
0.316129
0.00514742
0.316963
0.00232262
0.176954
0.316127
-0.000504394
0.313613
0.190992
-0.00300665
0.254272
0.281799
0.257517
0.228327
0.280492
0.306831
0.239787
-0.00574477
0.303427
0.295637
-0.00787735
0.285742
-0.0111545
0.319249
0.301062
0.497891
0.518687
0.47632
-0.0115567
0.258255
0.341188
0.323092
0.363699
-0.00102705
-0.886582
-0.420981
-0.0265636
-0.381192
-0.0479936
-0.294927
0.455967
0.0895568
0.114365
0.101235
0.0776084
0.12888
0.102734
-0.0650041
0.18664
0.157304
0.216723
-0.260344
0.0321617
0.0231613
0.0233045
-0.222445
-0.196938
-0.173161
-0.0895755
-0.0856502
-0.15385
0.581541
-0.0808006
-0.136452
0.0230376
-0.0751852
0.601745
0.614795
-0.121237
-0.0690896
-0.107253
-0.0945503
0.00198712
0.0058767
-0.00228533
-0.0827692
-0.0434039
-0.0372066
-0.0718937
-0.0311686
0.0109451
0.0119417
0.00193622
0.0209513
0.0209498
-0.0617474
-0.0253544
-0.0522952
-0.0198238
-0.0434446
-0.0146015
-0.0351679
-0.0274168
0.69247
-0.0201783
-0.0134312
0.00314027
0.0227793
0.0211644
0.0221933
-0.00715743
0.00671393
0.43434
0.410827
0.411136
0.386269
0.455465
0.435144
-0.00133183
0.00992998
0.0040364
0.479896
0.00894707
0.0134223
0.0174751
0.617626
0.600986
0.591303
0.608096
0.609112
0.625634
0.0206777
0.021773
0.0211161
0.022541
0.555187
0.573572
0.583423
0.565033
0.543527
0.562082
0.276779
0.247617
0.249057
0.219485
0.304727
0.0243425
-0.126733
-0.123564
0.0316048
0.0393533
0.00126876
0.0271655
0.0204681
0.0204631
0.0295821
0.0204083
0.500799
0.0316051
0.0332663
0.020255
0.0201821
0.0345348
0.0201349
0.0354184
0.0201297
0.035951
0.0201604
0.0361255
0.0359675
0.0203528
0.0205518
0.0354564
0.0209048
0.277647
0.0346453
0.0334655
0.0320539
0.0325269
0.035862
0.030155
0.0393346
0.0281765
0.0253533
0.0466646
0.0505523
0.0229563
0.054682
0.0179408
0.0636134
0.0684778
-0.0163397
-0.0111291
-0.0218888
0.0179365
0.085085
0.091425
0.0229464
0.116984
0.109865
0.153318
0.126029
0.0982476
0.112694
0.0253334
0.105615
0.0281439
0.113587
-0.0109484
-0.0189674
-0.000298941
0.0301105
0.122209
0.0777869
0.0849535
0.0320013
0.131565
0.0334065
0.141708
0.570756
0.55316
0.567384
0.584608
0.537478
0.555283
0.0345812
0.152652
0.0353865
0.164467
0.0358947
0.122278
0.130901
0.140924
0.131627
0.121585
0.113663
0.177221
0.0560966
0.118698
0.136537
0.164198
0.145493
0.108506
0.0915964
0.0360511
0.311878
0.287787
0.291444
0.266163
0.31045
0.33328
0.035876
0.205536
0.221201
0.0353421
0.23794
0.0344578
0.029732
0.0331392
0.0264464
0.0331893
0.274362
0.293983
0.722285
0.725723
0.0315283
0.314462
0.0295064
0.040602
0.0562474
0.00218115
0.081702
0.335674
0.0270906
0.640763
0.624432
0.620808
0.637181
0.626599
0.642906
0.357511
0.0242687
0.379833
0.021044
0.402482
0.0174036
0.425294
0.0133512
0.448093
-0.619523
0.00887421
0.021853
0.0235138
0.470702
0.00396783
0.0220437
0.0239142
0.0222777
-0.00139489
-0.00721975
-0.0275066
-0.0337369
-0.00592901
-0.0024684
-0.00946302
-0.0134925
0.384789
0.402373
0.39793
0.380305
0.405018
0.387458
-0.0202402
0.640763
0.624432
0.626598
0.642906
0.62081
0.63718
-0.0274773
-0.035228
-0.0435043
0.67578
0.0322823
-0.0523539
0.684801
-0.0618057
0.692432
-0.0719524
-0.0828285
0.0211952
0.0161947
0.0221374
0.0176232
0.0203948
0.0152245
0.70352
0.70698
-0.0946123
0.0295742
-0.107317
0.709058
0.709748
0.435507
-0.121302
0.706984
-0.136519
-0.020055
-0.0255938
-0.153917
-0.0771151
0.698679
0.692442
-0.173222
0.684813
-0.197005
-0.0856865
-0.0907958
0.675793
0.456893
0.434837
0.476714
-0.222496
0.494643
0.474308
0.510402
0.490686
0.665387
-0.260407
0.653604
-0.294911
0.640464
0.104958
0.0588903
-0.381314
-0.420824
-0.0630304
0.610236
0.593246
-0.887375
0.575094
-0.618572
0.0504336
0.221221
0.205562
0.23476
0.189553
0.492959
0.470713
0.452108
0.448102
0.425301
0.402488
0.457676
0.379837
-0.0569408
-0.0646402
0.191917
0.357515
0.0501993
0.0204191
0.314468
0.29399
0.274372
0.0105125
0.00985175
-0.0108024
0.625994
0.636582
0.650878
0.621033
0.255689
0.0127303
0.0132175
0.0152485
-0.0105118
0.237956
-0.00729707
0.632143
0.615712
0.625631
0.609115
0.0218068
-0.00519805
-0.00248073
0.190942
7.28E-06
0.177257
0.00282302
0.164509
0.00563472
0.0261305
0.0230601
0.152702
0.0086804
0.141764
0.0118545
0.0152524
0.223793
0.243298
0.200339
0.554994
0.537826
0.572102
0.0188503
0.105699
0.0226973
-0.00694468
0.0268022
0.32853
0.0312002
0.0792894
0.0359136
0.3094
0.0737759
0.0409749
0.0686107
0.0464135
0.0637561
0.0522636
0.0585588
0.0548454
0.0507302
0.0653362
0.0220503
0.0208746
0.0228824
0.309394
0.0468112
0.0726327
0.0430719
0.0804864
0.0889355
0.273439
0.0360631
0.0327542
0.0980185
0.107773
0.0211524
0.0208196
0.118237
0.0205419
0.129443
0.141424
0.0200838
0.0200353
0.156332
0.184123
0.127592
0.154207
0.0200407
-0.0776458
0.167817
0.0200799
0.182271
0.0201356
-0.0921302
0.0355342
0.0495378
0.0463118
0.0335037
0.0535973
0.0381605
0.197579
0.020177
0.213746
0.0202027
-0.0290654
-0.0355419
0.230765
0.0202153
0.248623
0.267296
0.0233766
0.0235518
-0.0627393
-0.0560944
0.286741
0.306903
-0.0498173
0.327743
0.349189
0.0166121
0.371137
0.393507
0.4162
0.439105
0.495864
0.51453
0.517066
0.498446
0.510396
0.49173
0.462107
0.647608
0.641171
0.485084
0.54551
0.55399
0.535536
0.507915
-0.0577834
-0.0768472
-0.0911604
0.530475
0.552643
0.0192342
0.0193006
0.0345644
0.574301
0.595335
0.00948626
0.00937917
0.0124993
0.0124991
0.00610271
0.615637
-0.101865
-0.0962549
-0.0898515
0.635109
-0.0613235
-0.0829699
0.580032
0.597021
0.653659
0.0111068
-0.0287428
-0.0160725
-0.0585838
-0.0758084
0.0211976
0.0215517
0.671204
0.633264
0.687674
0.703002
-0.0613003
-0.054113
-0.0471587
0.0203424
0.717137
-0.0404033
0.730029
-0.0339632
0.741647
-0.0277723
0.751951
0.760929
0.290553
0.294406
0.285129
0.0202573
0.0384212
0.0339641
0.0331959
0.0371579
0.0348781
0.0397994
0.768543
0.542978
0.524046
0.529408
0.548499
0.218088
0.196038
0.774794
-0.00627579
0.0585416
0.0619271
0.0554403
0.779655
-0.00178067
0.0219985
0.783136
0.785241
0.065859
0.0700869
0.0621165
0.0700267
0.785925
0.472964
0.45333
0.429621
0.476323
0.785239
0.0292792
0.783131
0.0174125
0.0193208
0.020871
0.779647
0.01371
0.00234493
0.246655
0.251885
0.0220688
0.774784
0.0229149
0.0429636
0.76853
0.0234149
0.760914
0.0235861
0.751934
0.450112
0.46297
0.483092
0.470765
0.446582
0.430689
0.0517852
0.0473216
0.0498767
0.0549357
0.0449561
0.0488478
0.474629
0.46177
0.0590255
0.741629
0.730011
0.0736525
0.730078
0.71712
0.236635
0.702979
0.252295
0.687642
0.0791751
0.265608
0.671171
0.276851
0.653626
0.635077
0.615606
0.303324
0.305739
0.595305
0.30654
0.574272
0.427018
0.441935
0.305735
0.4112
0.0429334
0.0411091
0.0448401
0.552614
0.303317
0.530447
0.0849326
0.0784657
0.0922767
0.585632
0.59895
0.570896
0.587591
0.190912
0.507887
0.293546
0.286095
0.485058
0.276648
0.462081
0.255676
0.483764
0.43908
0.250503
0.233009
0.416175
0.020308
0.0233407
0.393481
-0.00231161
-0.0321448
0.371111
0.349161
0.0113969
0.327713
0.30687
0.286705
0.267256
-0.101539
-0.0959254
0.24858
0.0426962
0.0404493
-0.0895856
0.230717
0.0587175
0.0555989
-0.0826853
0.213692
-0.0755359
0.197519
-0.0682252
0.555847
0.182205
0.0313325
0.0384103
0.0311283
0.0376567
0.167745
-0.0468513
-0.0401497
0.575058
0.593627
0.154128
0.141337
0.610975
0.626598
0.129348
0.061667
0.0569022
0.0667137
0.118133
0.107661
0.097896
0.0888029
0.698671
0.00620283
0.00956681
0.0803435
0.0125617
0.0724795
0.709056
0.0651723
0.0174448
0.0193388
0.0583838
0.0319814
0.0209204
0.363246
0.0520771
0.703525
0.0462155
0.0407651
0.0356914
0.0173489
0.0175879
0.0309653
0.0334792
0.0358476
0.0312441
0.0177822
0.0265541
0.0179197
0.0294455
0.0260104
0.0330395
0.0224357
0.0180119
0.0334954
0.0212797
0.018575
0.0240189
0.0244313
0.0235431
0.0233512
0.014963
0.0182159
0.0182939
0.47843
0.499593
0.455617
0.0246488
0.023486
0.0259302
0.0115506
0.0183962
0.00836077
0.0185387
0.555873
0.00529744
0.0187285
0.00246752
0.0189579
0.51467
-0.00036911
0.0192119
-0.00287273
0.0195455
-0.00561684
0.0353973
0.0221063
0.0199284
-0.00773494
-0.0110039
-0.011267
0.335679
0.533413
0.535834
0.454119
0.470772
0.101354
0.0261596
0.0294684
-0.874583
-0.440984
0.0328799
-0.385191
0.0364747
-0.299687
0.0402142
-0.263052
-0.00603782
0.001937
0.000200296
-0.00870905
0.00388611
-0.0032457
-0.22474
0.0481729
0.0523899
0.0173238
0.0175351
0.0170799
-0.198639
-0.17462
0.0229168
-0.155065
0.0720723
-0.137509
0.0777751
-0.12216
0.0838585
0.00355029
-0.108082
0.0903618
-0.0952985
-0.0834516
0.108737
-0.0725189
0.130828
0.121504
-0.0623248
0.485259
0.465231
0.450699
0.47821
0.140858
-0.0528315
0.151645
-0.0439452
-0.101096
-0.107081
0.020181
0.0203243
0.0131309
0.00319491
0.0257799
0.163254
0.0591781
-0.0356365
0.0413639
0.0698063
0.0527691
0.0894439
0.059739
0.583434
0.564867
0.591691
0.573223
0.573575
0.555025
0.175729
0.0246092
0.0255858
0.0237958
0.0638693
0.0529363
0.0602438
0.0502987
0.0559912
0.0681054
-0.027857
0.189091
0.0394879
-0.0205924
0.215334
0.1959
0.236136
0.0194023
0.0157719
0.0174917
0.0203547
0.0137166
-0.0138216
0.218573
0.234736
0.545857
-0.00752685
0.251864
-0.00168256
0.269921
0.00370454
0.288844
0.00863308
0.308615
0.0384901
0.0267521
0.0131241
0.329154
0.0215386
0.0171909
0.350328
0.0208447
0.372054
0.0240832
0.0261559
0.0219326
0.0245932
0.394199
0.0269172
0.416603
0.0293449
0.184889
0.439117
-0.0296928
-0.0304009
-0.0280843
0.0319556
0.0308338
0.0213578
0.0313761
0.304685
0.331847
0.461577
0.0330504
0.48382
0.0464385
0.049659
0.034328
0.457582
0.434427
0.456574
0.47773
0.411524
0.435066
0.597011
0.580027
0.591303
0.60809
0.0352173
0.0224114
0.0229726
0.672999
0.0357562
0.0414364
0.043623
0.0396453
0.0301273
0.102535
0.567492
0.0109065
0.0102166
0.0119458
0.305752
0.333061
0.50493
0.49764
0.0188987
0.0191773
0.0186642
0.0359361
0.586384
0.0201979
0.277386
0.573884
0.555359
0.55466
0.57331
0.554424
0.573058
0.0357819
0.60459
-0.0027642
-0.033372
0.0352727
0.621658
0.034464
0.637178
0.0332824
0.0318692
-0.109591
-0.109089
0.020149
0.0200348
0.685862
0.272218
0.292958
0.248113
0.419904
0.399125
0.435689
0.415042
0.410715
0.382253
0.0299578
0.64362
0.71128
0.703729
0.717465
0.694822
0.0279726
0.702408
0.488845
0.0251227
0.708617
0.150841
0.184707
0.0227195
0.713446
0.441689
0.460604
0.0176109
0.716895
0.718964
0.517192
0.517868
0.536609
0.535557
0.499352
0.498519
-0.0329022
0.332405
0.304471
0.359513
0.0176073
0.718966
0.716899
0.0227102
0.0251035
-0.00677347
-0.00213859
0.708625
0.702418
0.0279407
0.201264
0.229337
0.225745
0.253768
0.178273
0.206257
0.694834
0.0234037
0.0239586
0.0240765
0.0229481
0.023523
0.0798911
0.0896801
0.0715308
0.132885
0.0299142
0.307466
0.278109
0.279937
0.249438
0.306136
0.334585
0.685875
-0.106315
0.0318174
0.675552
0.0332242
0.663879
-0.0562825
-0.0505081
0.30504
0.276355
0.333366
0.0200949
0.0232411
0.0344004
0.0300858
0.0298866
0.27685
0.478501
0.48711
0.0222382
0.350338
0.372063
0.329165
0.0352033
0.037184
0.0334218
0.0357095
-0.0685507
0.60429
0.387144
0.361133
0.035862
0.586422
0.0356816
0.567518
0.0351412
0.0342511
0.0329737
0.332403
0.31249
0.461591
0.439129
0.185027
0.0312996
0.416614
0.0747073
0.0292696
0.394209
0.0268425
0.201437
0.229273
0.205951
0.177747
0.253907
0.226039
0.36132
0.387032
0.335317
0.0240094
0.537022
0.518669
0.518175
0.499302
0.554366
0.536456
0.0207725
-0.013259
0.00502961
-0.00963544
0.0104074
-0.0153614
0.00134332
0.0171194
0.288859
0.269938
0.329128
0.348402
0.013053
0.0170254
0.600991
-0.614016
0.0151394
0.00856052
0.423162
0.0131476
0.0144743
0.0438316
0.00363629
0.175775
0.612968
0.600546
-0.00174561
0.163307
-0.0730117
-0.065064
-0.0810985
-0.00758926
0.0699499
0.0990863
0.0894472
0.119428
0.0530836
0.080933
0.151704
0.0122669
0.0145043
0.00977845
0.591452
0.609414
0.58924
0.607225
0.59219
0.610142
-0.0138829
0.0198241
0.0167742
0.0410598
0.440848
0.456209
-0.0206542
-0.0279175
0.0224518
0.0212128
0.0233334
0.112935
-0.0356968
-0.044005
-0.0528903
0.0839791
-0.0623832
0.077905
-0.0725776
0.0722121
-0.0835111
0.0219661
0.0224352
0.286117
-0.0953605
0.0618275
0.0570746
-0.108146
0.293561
0.299277
-0.122224
0.0483111
0.0442501
0.0596534
0.064045
-0.137576
0.0403751
-0.155132
0.0387383
0.0193975
0.0154918
0.0332011
0.0248805
0.0457537
0.0366696
0.0594816
0.0639099
0.0556368
0.0524136
0.0496565
-0.174681
0.0806272
0.111281
0.135154
-0.198705
0.299265
-0.224792
-0.263114
0.277767
-0.299665
0.499195
0.478902
0.517479
0.0473379
0.0382379
0.0452595
0.0370871
-0.106074
-0.118426
-0.112052
0.264912
-0.385303
0.00246598
-0.440871
0.0207062
0.0202717
-0.8753
0.211436
0.0198712
0.140178
0.483835
0.5057
-0.612867
0.0194982
0.57114
0.0420216
0.0259402
0.038219
0.0236318
0.0464964
0.029098
0.0216563
0.198582
0.251541
0.222336
0.196558
0.306891
0.283909
-0.101431
0.486746
0.0184613
0.0183061
0.0181859
-0.0538156
-0.0610096
0.491907
0.0180906
0.200921
-0.118817
-0.11241
-0.123831
0.017972
0.0214338
0.0197453
0.0182796
0.0208984
0.0178343
0.0261451
0.0237234
0.0242888
0.0263001
0.0229481
0.0259545
0.0177022
0.02618
0.0263347
0.0264043
-0.0104868
0.371543
0.392628
0.389361
0.410074
0.351483
0.373358
-0.010325
0.0217377
0.0222728
-0.0111129
-0.0011785
-0.00869735
0.000190607
-0.00214607
-0.0132269
-0.00712797
-0.00504095
0.0569437
0.0479876
-0.00231846
0.000172398
0.00299792
0.167284
0.00581622
0.0141673
0.0185703
0.0160176
0.0198776
0.0121999
0.0172185
0.37408
0.353127
0.39106
0.370645
0.354986
0.573438
0.00887055
0.534763
0.549171
0.51848
0.0120524
0.015459
0.0151862
0.307514
0.0190653
0.0122947
0.00978329
0.0145414
0.022921
0.255944
0.232699
-0.0870943
-0.0636488
0.280416
0.0270343
-0.104432
0.0314408
-0.116486
0.0361625
0.0191653
0.0196419
0.0187092
0.0412319
0.5866
0.391618
0.409893
0.397919
0.416171
0.383392
0.401808
0.247079
0.0466783
0.0525355
0.138417
0.0588372
0.607216
0.603545
0.609412
0.0181172
-0.105131
0.0656201
0.0102501
-0.0973168
0.0729211
-0.0892515
0.0807782
0.0892292
0.0983126
-0.0573083
0.108066
0.118525
-0.0358507
-0.0426822
0.129726
-0.123787
-0.127052
-0.0293445
0.141698
0.0203156
0.154471
0.0585348
0.0644601
0.0535548
0.168067
0.345883
0.327629
0.365056
0.0212081
0.182503
0.0229505
0.0729832
0.27918
0.305129
-0.00107805
0.197792
0.213935
0.230928
0.248756
0.0678613
0.0727827
0.267396
0.0175977
0.019589
0.0501308
0.0783404
0.0288736
0.0285881
0.0291789
0.0212048
0.0441442
0.286804
0.0224638
0.306928
0.0233644
0.0541206
0.495368
0.473442
0.327727
0.0239096
0.349129
0.0212191
0.0211744
0.0201341
0.0206352
0.0216686
0.0241137
0.209324
0.229021
0.0536301
0.0565781
0.371033
0.0598103
-0.03287
0.393356
0.416002
0.438859
0.246557
0.258909
0.461814
0.0973285
0.269414
0.484744
0.445395
0.45853
0.278127
0.507529
0.104806
0.112847
0.285156
0.530045
0.290572
0.0858607
0.0925301
0.079932
0.552171
0.294419
0.567143
0.548918
0.57379
0.296717
0.386044
0.360716
0.594787
0.29748
0.615056
0.296711
0.634497
0.203367
0.653019
0.67054
0.27809
0.686988
0.269238
0.702297
0.258317
0.716416
0.244999
0.729295
0.410418
0.740901
0.0103214
0.0126249
0.0078196
0.751196
-0.0625712
0.404913
0.382053
0.429561
0.407368
0.379841
0.356418
0.760167
0.153918
0.519497
0.767775
0.172035
0.149216
-0.0198657
-0.0230217
-0.0164926
0.469886
0.489736
0.774021
0.778878
0.782358
0.223803
0.251114
0.784463
0.100675
0.110162
-0.104726
0.350209
0.329476
0.00993261
0.0101421
0.0987994
0.080583
0.119402
0.785147
0.308642
0.281872
0.252142
-0.09699
0.784461
-0.0889141
0.782353
-0.0807683
0.000890217
-0.00243485
0.00405081
0.0849227
0.0692287
0.0753011
0.0921952
0.0299108
0.0300494
0.0277216
0.0269888
0.77887
-0.0726561
0.77401
0.368753
-0.00121078
0.0098796
-0.00221659
0.0101262
0.767762
0.760151
-0.0495027
-0.042364
0.751179
0.373933
0.365624
0.380291
0.740884
0.729277
-0.0258088
-0.0229988
0.716398
0.449523
0.702274
0.686956
0.00597915
0.00945737
0.670507
0.0125651
0.652986
0.719655
-0.0111657
-0.0133058
0.634465
0.713452
0.0256355
0.0267233
0.0265339
0.0278692
0.00502005
0.00233347
0.0076302
0.615025
0.332386
0.35877
0.38506
0.359683
0.584379
0.594757
0.573761
0.552143
0.0144613
0.0148102
0.530017
0.015111
0.507501
0.0153586
0.484717
0.0155942
0.461788
0.0125361
0.010152
0.0146801
0.438834
-0.0109787
0.01606
0.0162944
0.431986
0.415976
0.0165411
0.39333
0.535689
0.146477
0.132936
0.161459
0.0168258
0.547681
0.371006
0.0171514
0.349101
0.0175007
0.0656673
0.327696
0.52703
0.0698482
0.0178841
0.306895
0.0183106
0.286768
0.0187433
0.267356
0.248712
0.0238724
0.230879
0.0194649
0.0226796
0.213881
0.308627
0.197732
0.182437
0.167994
0.0368069
0.154391
0.305352
0.281327
0.330037
0.040807
0.141611
0.368169
0.363667
0.370848
0.0449924
0.129631
0.0493202
0.591679
0.118422
0.570158
0.457664
0.479369
0.457221
0.434753
0.499804
0.479132
0.0538421
0.357285
0.373949
0.365642
0.348944
0.107953
0.0587018
0.217356
0.0981899
-0.126843
0.0890963
0.0692994
0.0750986
0.080635
0.0812741
0.0727677
0.0878614
0.0654559
0.0948983
0.0586618
-0.00424183
0.00326415
0.102426
0.0523486
0.110488
0.0464799
0.0668637
0.119131
0.0410218
0.524287
0.0164868
0.0182318
0.0166074
0.03594
0.160405
-0.0164659
-0.0198443
0.416384
0.0312055
0.052578
0.172616
0.391635
0.383413
0.0267858
0.185662
0.0226587
0.199567
0.0187893
0.214352
0.015169
0.230038
0.413515
0.430327
0.393741
0.0117479
0.00855025
0.383985
0.409229
0.264103
0.282438
0.357799
0.260488
0.284544
0.00547804
0.196156
0.00264145
-0.000205122
-0.00271174
-0.00546106
0.384863
-0.00756644
0.394611
0.377144
0.476994
0.479595
0.472793
-0.0108165
-0.0109458
0.0393199
0.0358536
0.0375572
0.0346158
0.0324465
0.0317076
0.377124
0.354806
0.401611
0.329782
0.35257
-0.854365
-0.463974
-0.389328
-0.305359
-0.266248
-0.227487
0.0250703
-0.200673
0.015237
-0.176379
-0.0149584
-0.00261873
-0.00226152
-0.0159632
-0.156522
0.0182626
-0.13878
0.694819
-0.12327
0.309235
0.33477
0.333516
0.35761
0.36069
0.379492
0.0427666
-0.109079
0.00980537
0.00788513
0.0116696
-0.096198
0.247622
-0.0842724
0.328543
0.305232
0.281196
0.304525
-0.0732706
0.727785
0.497531
0.514553
0.478382
-0.0630192
-0.0534764
-0.0445471
0.0140453
-0.0361999
-0.0283861
-0.0210901
-0.0142905
-0.00797049
-0.00210354
0.217442
0.188716
0.330537
0.00330643
0.0228187
0.00825634
0.614065
0.100032
0.108453
0.0127662
0.0168502
0.0205192
0.0110364
0.0127596
0.562078
0.0237723
-0.0498708
0.0266199
0.368161
0.38478
0.370844
0.387453
0.363656
0.0290599
0.530041
0.0311031
0.177834
0.195942
0.032793
0.031798
0.0183535
0.0204813
0.0166197
0.0190365
0.0198079
0.0216069
0.0340792
0.020978
0.0224998
0.0231402
0.0218923
0.0383097
0.0338438
0.0394033
0.0341686
0.0349767
0.0358171
0.0340614
0.570911
0.552349
0.567148
0.0355229
0.0357089
0.0355591
0.035053
0.0342469
0.0330636
0.0163303
0.0316479
-0.00235029
0.0127228
0.432853
0.454594
0.421015
0.442318
0.463822
0.0297238
0.355071
0.330921
0.305352
0.380215
0.356679
0.0277284
0.0248486
0.00496489
0.0247246
0.00124309
0.01936
0.0102628
0.0317231
0.0224294
0.0172333
0.21511
0.232109
0.195047
0.0260478
0.0172303
0.0648705
0.0515703
0.570676
0.022421
0.457433
0.589222
0.59145
-0.0299319
0.585496
0.0248303
0.0276973
0.0510335
0.0487135
0.190351
0.171343
0.210899
0.0752447
0.0296812
0.0694559
0.305344
0.031597
0.013184
0.0640114
0.0330063
0.0341841
0.0349842
0.534053
0.0354872
0.0356351
0.0354486
0.0358766
0.0309072
0.0349008
0.0340025
0.0327164
0.0310269
0.0289847
0.0257347
0.0265453
0.0236987
0.469497
0.4785
0.0204471
0.0167785
0.33079
0.342652
0.0126951
-0.588486
0.00818409
0.0131122
0.0386045
0.0270144
0.014739
0.00323851
-0.00216665
-0.00803298
-0.0143518
0.0293217
-0.0211519
0.587241
-0.0284466
0.186256
0.255704
0.395826
0.415554
0.361524
-0.0362603
-0.0446069
-0.0535352
0.00210504
-0.0630778
-0.00942332
-0.00590244
-0.0733295
-0.084332
0.386212
0.360884
0.360193
0.333878
-0.0962601
0.0152864
0.357274
0.348931
-0.109143
0.0176325
0.0195986
0.0645649
0.0541447
0.0769428
-0.123334
-0.138847
-0.156588
-0.17644
0.0428447
0.0447087
-0.200738
0.027503
0.029114
-0.227539
-0.266306
0.0678126
0.0899363
0.101365
0.077941
0.0801194
0.0592568
-0.305336
-0.38943
0.28117
0.303261
0.0158304
0.0274247
-0.463913
-0.854934
-0.587074
-0.00263806
0.201205
0.516115
-0.0133048
-0.00976995
-0.0153582
-0.0161563
-0.0159787
-0.000425899
0.00591389
0.520928
0.0192018
0.44784
0.466945
0.453723
0.44002
0.45921
0.203527
0.504758
-0.00287982
0.258117
0.210939
0.236221
-0.0101477
-0.0100968
-0.00693019
-0.00485076
0.41107
0.385869
-0.00212442
0.000371899
0.0217113
0.0222692
0.015842
0.0296583
0.0293719
0.627319
0.00320697
0.0304807
0.0286057
0.027589
0.0291766
-0.0161722
-0.00113212
0.00603401
0.00909797
0.0122894
0.0638442
0.015706
0.0193223
0.023188
0.0273113
0.251603
0.279248
0.305079
0.277495
0.0317277
0.0364591
0.0415379
0.0469931
-0.0129827
0.0528586
0.0591676
0.0659568
0.0732629
0.0811235
0.0895764
0.406878
0.0986596
0.16114
0.188735
0.108411
0.246627
0.118865
0.130058
0.14202
0.217685
0.154779
0.168358
0.603557
0.182774
0.198038
0.237251
0.214153
0.231114
0.451273
0.248907
0.0584898
0.267507
-0.0130082
0.286872
0.30695
0.100571
0.0910207
0.0715487
0.111648
0.327699
0.124163
0.349051
0.370902
0.39317
0.433896
0.41576
0.247656
0.219478
0.438561
0.281739
0.259635
0.461459
0.484334
0.507066
0.529531
0.551608
0.722279
0.57318
0.0222545
0.0236781
0.594134
0.614363
0.633768
0.652258
0.66975
0.686173
0.449874
0.438635
0.701461
0.715561
0.728424
0.0181916
0.0195956
0.740017
0.750302
0.759263
0.766865
0.773104
0.777957
0.781437
0.783542
0.784227
0.783539
0.781432
0.233901
0.261409
0.77795
0.0650613
0.0519163
0.773094
0.766852
0.346671
0.366013
0.330537
0.350065
0.360937
0.379965
0.759248
0.119428
0.0922611
0.103229
0.0774207
0.137158
0.109129
0.750285
0.74
0.728406
0.428786
0.420677
0.434961
0.715543
0.418632
0.399001
0.384875
0.405169
0.410809
0.430188
0.701437
0.686142
0.669718
0.652226
0.633737
0.614333
0.594104
0.573151
0.472967
0.551579
0.529503
0.507038
0.484308
0.0745286
0.461433
0.120864
0.438535
0.524126
0.504157
0.510665
0.491101
0.415734
0.17144
0.393144
0.148939
0.370874
0.349022
0.327669
0.306917
0.286836
0.267467
0.0229525
0.248863
0.231065
0.509063
0.513452
0.532747
0.527366
0.214099
0.197977
0.182707
0.391725
0.561908
0.168285
0.154699
0.457991
0.141933
0.543471
0.53006
0.129962
0.118761
0.0295279
0.025451
0.108297
0.0985365
0.089443
0.0809798
0.145843
0.164363
0.0143513
0.129135
0.0731089
0.0657921
-0.00602032
0.0589917
0.0526712
0.0467942
0.0413273
0.0362361
0.0314919
0.0270621
0.0229249
0.580247
0.0190453
0.0469283
0.0412811
0.0491442
0.0428516
0.0246142
0.015415
0.128167
0.156846
0.0119839
0.00877671
0.00569468
0.00284926
-7.01E-06
0.328134
0.342664
0.311653
-0.00251931
-0.00527247
-0.00736956
-0.0105876
-0.0106024
-0.822371
-0.486858
0.177933
-0.394552
0.598387
-0.311737
-0.270035
-0.230738
-0.203085
-0.178477
-0.158256
-0.140297
-0.124595
-0.110269
-0.097271
-0.0852519
0.0176221
0.0408656
0.0318935
-0.0741677
-0.0638481
-0.0542461
-0.0452657
-0.0368725
-0.0290178
-0.021684
-0.01485
0.411956
0.421853
0.400231
-0.00849991
-0.00260561
0.00283167
0.00780721
0.0123392
0.0164435
0.432118
0.407584
0.455793
0.0201314
0.0234017
0.0262654
0.598376
0.0287199
0.0307778
0.0324863
0.0337826
0.03469
0.035245
0.0354386
0.0352939
0.0347912
0.0339877
0.498512
0.0328031
0.0313832
0.0294473
0.0274367
0.0245246
0.0527081
0.0220747
0.141897
0.166263
0.0168089
0.0168066
0.0220675
0.0245072
-0.0280742
0.0274067
0.0294058
0.433698
0.0313336
0.0327468
0.411366
0.0339259
0.501952
0.0347233
0.0352226
0.0262117
0.0353652
0.017423
0.0406053
0.0351711
0.0346145
0.0337062
0.0324099
0.0307019
0.0286451
0.0261912
0.0233283
0.0200593
0.0163719
0.0122682
-0.548993
0.00773528
0.00276413
-0.00266868
-0.00856236
-0.0149113
-0.0217458
-0.0290783
-0.036933
-0.0453255
0.258188
-0.0543049
-0.0639067
-0.0742267
-0.0853115
-0.0973331
-0.110332
-0.124658
-0.140364
-0.158322
-0.178538
-0.203149
-0.230789
-0.27009
0.0636761
-0.311717
-0.394645
0.0290472
0.0303182
0.111535
0.142103
0.135616
0.16654
-0.486851
-0.822667
0.0306495
0.0322828
-0.547247
0.373147
0.391975
0.402085
-0.0218485
0.197356
0.536352
0.0165524
0.540938
0.199648
-0.0221362
0.0296069
0.0273155
-0.00980153
-0.00982192
0.0309659
-0.00670057
-0.0046224
-0.0018946
0.656141
0.000610581
0.00345422
0.276639
0.249212
0.00629265
0.00936712
-0.00438829
0.0125701
0.015998
0.0196262
0.0235035
0.0276383
0.220248
0.0320661
0.0368086
0.386365
0.0418981
0.0473634
0.0532381
0.0595553
0.0663513
0.0736628
0.0815269
0.0899813
0.0990637
0.108811
0.11926
0.130443
0.142392
0.155134
0.272651
0.293672
0.168692
0.246189
0.183083
0.198318
0.214399
0.231322
0.249073
0.267626
0.286941
0.306964
0.327656
0.0515286
0.348948
0.0826973
0.0754927
0.370736
0.392941
0.415465
0.438201
0.0810182
0.10449
0.461035
0.483846
0.506516
0.355262
0.528921
0.550942
0.572461
0.593365
0.613549
0.632913
0.046119
0.0444793
0.651365
0.00701669
0.668824
0.685218
0.495346
0.475712
0.0320992
0.030243
0.700481
0.714559
0.727404
0.738983
0.749254
0.758206
0.0207322
0.0220475
0.0215992
0.0226485
0.0212235
0.7658
0.77203
0.256091
0.280322
0.232855
0.77688
0.780361
0.782463
0.783148
0.782461
0.780355
0.20286
0.776873
0.77202
0.515356
0.765787
0.758191
0.43464
0.749238
0.738965
0.0225053
0.022816
0.727386
0.714541
0.700457
0.685188
0.668793
0.651333
0.485782
0.632881
0.613519
0.593336
0.0692995
0.572432
0.550913
0.528893
0.0249985
0.0239523
0.0262464
0.506489
0.48382
0.461009
0.438175
0.415439
0.392914
0.370709
0.307458
0.278895
0.332442
0.348919
0.327625
0.306931
-0.0257994
0.286904
0.267585
0.439037
0.249028
0.231272
0.214344
0.198256
0.183015
0.168618
0.155053
0.0340143
0.142303
0.130346
0.119154
0.108697
0.0989398
0.0176739
0.0210574
0.0190833
0.0219891
0.0898471
0.0813823
0.0735079
0.0661857
0.0593784
0.480577
0.0530497
0.0471636
0.457287
0.0416865
0.0365847
0.0318293
0.027388
0.0232391
0.0193479
0.0157057
0.0122633
0.420516
0.00904448
0.00595179
0.00309486
0.000229876
0.0154144
0.0218401
-0.00229159
0.192135
-0.00504608
-0.00714112
-0.010312
-0.0102539
-0.775064
-0.505311
-0.40179
-0.318846
-0.274413
0.0196022
0.0207293
-0.23455
-0.205934
-0.180969
-0.160317
-0.142101
0.0311931
-0.126172
-0.111686
0.0135789
0.0303911
-0.0985489
-0.0864182
-0.0752355
-0.0648341
-0.0551613
-0.0461198
-0.0376718
-0.0297682
-0.022389
-0.0155143
0.1904
-0.0091287
-0.0032016
0.00226907
0.00727598
0.011834
0.0159624
0.0196732
0.0229639
0.0258471
0.0283193
0.617624
0.0303933
0.0321233
0.0334333
0.0343522
0.0349174
0.0351198
0.0349813
0.0344834
0.033682
0.0324965
0.402366
0.405015
0.0310703
0.021569
0.0221029
0.0253557
0.0291244
0.0270925
0.0241464
0.0216447
0.0163393
0.0228817
0.0291975
0.331159
0.0163383
0.0216391
0.0241303
0.0270639
-0.0296515
-0.030369
0.0290845
0.0310223
0.0324417
0.0336215
0.0344168
0.0349111
0.0350471
0.034844
0.0342773
0.0526216
0.0333573
0.0320473
0.0303178
0.0282449
0.0257734
0.022891
0.0196014
0.015891
0.011763
-0.505242
0.00720437
0.00220205
-0.00326444
-0.00919101
-0.0155755
-0.0224506
-0.0298285
-0.0377322
0.0825541
0.0644358
-0.0461794
-0.0552199
-0.0648925
-0.0752941
-0.0864775
-0.0986106
-0.111749
-0.126235
-0.142167
-0.160382
-0.181029
-0.205996
-0.2346
-0.274461
-0.318829
-0.401865
-0.505358
0.0333443
0.0320292
-0.775008
-0.503086
-0.0413509
0.19024
0.545973
0.550386
0.192503
-0.041648
-0.00947847
-0.00950045
-0.00643782
-0.00435347
-0.00162805
0.000889685
0.00373976
0.00659225
0.00967769
0.0128942
0.0163347
0.0199762
0.0238665
0.0280142
0.0324545
0.0372093
0.0423106
0.0477869
0.478446
0.433823
0.0536715
0.0599974
0.0668006
0.0741174
0.0819849
0.0904402
0.0995207
0.109263
0.100381
0.119703
0.130874
0.142807
0.155529
0.169062
0.183424
0.198624
0.214667
0.231545
0.249247
0.267747
0.287002
0.306961
0.327588
0.348814
0.370533
0.392664
0.415115
0.437777
0.460537
0.483277
0.505877
0.528215
0.550173
0.571632
0.592481
0.612614
0.631931
0.650342
0.667764
0.684125
0.699359
0.713414
0.726238
0.7378
0.748057
0.756999
0.764582
0.770802
0.775651
0.779131
0.78123
0.781914
0.0228249
0.781228
0.779126
0.497908
0.775643
0.770791
0.764569
0.756984
0.748041
0.737782
0.72622
0.713395
0.699336
0.684095
0.667732
0.65031
0.6319
0.612583
0.592451
0.571603
0.550144
0.528187
0.50585
0.00702139
0.48325
0.00406382
0.460511
0.437751
0.415089
0.392637
0.370505
0.348785
0.327557
0.306927
0.286965
0.267705
0.249202
0.231495
0.214611
0.198563
0.183356
0.168987
0.155447
0.142718
0.130777
0.119597
0.109148
0.0993961
0.0903052
0.0818396
0.0739619
0.0666343
0.238617
0.0598199
0.0534824
0.0475863
0.0420982
0.0369847
0.0322169
0.0277629
0.0236008
0.0196966
0.016041
0.0125861
0.00935364
0.00624984
0.00337862
0.000507011
-0.00202729
-0.00477915
-0.00687955
-0.00998929
-0.0099293
-0.713304
-0.515148
-0.411778
-0.327565
-0.279609
-0.239049
-0.209327
-0.183938
-0.162772
-0.14424
-0.128046
-0.11337
-0.100068
-0.0878034
-0.0765024
-0.0660031
-0.0562459
-0.0471316
-0.0386176
-0.0306543
-0.0232198
-0.0162959
-0.00986762
-0.00390115
0.00160994
0.00665473
0.0112437
0.015401
0.0191396
0.0224551
0.0253618
0.0278553
0.0299477
0.0317028
0.0330305
0.0339638
0.0345406
0.0347535
0.0346224
0.0341309
0.0333316
0.0321462
0.0307114
0.0287589
0.0266983
0.0237186
0.0211328
0.015825
0.0158267
0.0211291
0.023704
0.0266711
0.0287206
0.0306651
0.0320929
0.376584
0.0332724
0.0340656
0.0345533
0.0346815
0.0344678
0.519847
0.0338893
0.032955
0.0316273
0.0298728
0.162475
0.352803
0.0277815
0.0252886
0.0223827
0.0190681
0.0153298
0.0111729
-0.463082
0.00658336
0.0015434
-0.00396388
-0.0099301
-0.0163573
-0.0232817
-0.030715
0.42533
-0.0386784
-0.0471914
-0.0563048
-0.0660618
-0.0765613
-0.087863
-0.10013
-0.113433
-0.128109
-0.144305
-0.162835
-0.183996
-0.209387
-0.239097
-0.279646
-0.327551
-0.411833
-0.515171
-0.712837
0.334904
-0.460272
0.54136
-0.0648501
0.547186
0.180109
0.551691
0.543443
0.306465
0.547866
0.182125
-0.065636
-0.009215
-0.0091066
-0.00611906
-0.00401414
-0.00129634
0.0012401
0.00409333
0.0069638
0.0100609
0.0132942
0.0167491
0.0204068
0.0243121
0.0284751
0.03293
0.0376991
0.0428139
0.0483028
0.0541985
0.060534
0.0673447
0.0746667
0.0825368
0.0909918
0.100069
0.109803
0.120232
0.131386
0.143298
0.155993
0.169495
0.183819
0.198976
0.214969
0.231792
0.561062
0.249433
0.566587
0.267868
0.287051
0.306929
0.327476
0.348625
0.370259
0.392301
0.414664
0.437237
0.45991
0.482564
0.505081
0.52734
0.549221
0.57061
0.591393
0.611465
0.630727
0.649088
0.666466
0.682788
0.697989
0.712015
0.724815
0.736356
0.746597
0.755526
0.763096
0.769306
0.774152
0.77763
0.779724
0.780405
0.779722
0.777625
0.774145
0.769296
0.429582
0.763084
0.755511
0.74658
0.736338
0.724796
0.711995
0.697966
0.682759
0.666435
0.649056
0.630696
0.58008
0.611434
0.585527
0.591363
0.570581
0.549193
0.527312
0.505053
0.482537
0.459883
0.248501
0.437211
0.414637
0.392274
0.370231
0.348596
0.327445
0.410444
0.306895
0.287013
0.267826
0.249388
0.231742
0.214914
0.198914
0.183751
0.16942
0.155911
0.143209
0.131289
0.120126
0.109689
0.0999441
0.0908571
0.0823919
0.0745116
0.0671788
0.0603568
0.0540098
0.0481025
0.0426018
0.0374747
0.064802
0.0896175
0.0326925
0.0543386
0.0282236
0.024046
0.0201265
0.0521973
0.0164548
0.0129853
0.0109808
0.00973594
0.0281374
0.00662027
0.00373051
0.000855672
-0.00169749
-0.00444123
-0.00656179
-0.00959325
-0.00966397
0.304481
-0.640648
-0.513698
-0.421982
-0.337684
-0.285436
-0.244282
-0.213364
-0.18746
-0.165721
-0.146813
-0.130312
-0.115409
0.410181
-0.101909
-0.0894859
-0.0780455
-0.0674301
-0.0575715
-0.0483692
-0.039776
0.222554
0.192393
-0.0317412
0.196783
0.0249411
-0.024239
0.172118
-0.0172528
-0.0107693
-0.00475308
0.00080397
0.00589067
0.0105174
0.0147104
0.0184832
0.0457322
0.0675689
0.0218299
0.0387785
0.0590994
0.0247657
0.0332726
0.052162
0.0272857
0.0290397
0.0464457
0.0293999
0.0258507
0.0418309
0.0311772
0.0325357
0.0334866
0.0340772
0.0343029
0.0341817
0.023541
0.0291194
0.0336989
0.0241968
0.0291256
0.0329016
0.0247613
0.0291316
0.0317186
0.0302723
0.0283186
0.02622
0.0346709
0.0232159
0.0353143
0.020496
0.0361208
0.0152373
0.0152447
0.0204956
0.0232035
0.0261944
0.0282822
0.0302279
0.0316668
0.0328435
0.0336347
0.0341137
0.0342321
0.0340052
0.0334125
0.0324605
0.0311022
0.0293255
0.0272122
0.0246926
0.0217575
0.0184117
0.0146396
0.010447
0.2173
-0.420459
0.00581969
0.000738156
0.21965
-0.00481559
-0.0108322
-0.0173148
-0.0243016
-0.0318026
-0.039838
-0.0484305
-0.057632
-0.0674907
-0.0781063
-0.0895476
-0.101973
-0.115473
-0.130375
-0.14688
-0.165785
-0.187519
-0.213423
0.0225607
-0.24433
-0.285471
-0.337682
-0.422011
0.331457
-0.513512
-0.639733
-0.416796
-0.0911345
0.184496
0.164247
0.52572
0.114386
0.529863
0.16551
-0.0927434
-0.00908289
-0.00853309
-0.00564315
-0.00347554
0.0368881
-0.000772733
0.00180162
0.00465691
0.00755634
0.0106697
0.0139288
0.0174048
0.0210868
0.0251202
0.0230527
0.0250141
0.0291996
0.0336755
0.0384651
0.0435987
0.0491046
0.055015
0.0613622
0.0681814
0.0755079
0.0833782
0.0918285
0.100895
0.110613
0.121019
0.132143
0.144017
0.156667
0.170114
0.184376
0.199461
0.215375
0.232109
-0.00269538
0.249652
0.267983
0.287052
0.306803
0.327231
0.348264
0.369766
0.391671
0.413899
0.436339
0.45888
0.481406
0.503799
0.525939
0.547709
0.568992
0.589678
0.373132
0.609661
0.628841
0.64713
0.664444
0.680709
0.695861
0.405898
0.709844
0.722609
0.734119
0.744335
0.753244
0.760801
0.767016
0.77185
0.0202434
0.775297
0.777381
0.161383
0.778061
0.777379
0.775292
0.771842
0.767006
0.760788
0.753229
0.744318
0.734101
0.722588
0.709822
0.695837
0.680681
0.664413
0.647099
0.628811
0.60963
0.589648
0.568963
0.0101541
0.54768
0.525911
0.503771
0.481379
0.458853
0.436312
0.413872
0.391643
0.369737
0.348235
0.0405791
0.3272
0.0419281
0.306769
0.0434749
0.287015
0.267942
0.249607
0.232059
0.215319
0.1994
0.184307
0.170039
0.156585
0.143928
0.132047
0.120914
0.110499
0.100771
0.0916944
0.083234
0.0753535
0.0680162
0.0611857
0.0548269
0.0489049
0.0433872
0.0382412
0.0334385
0.0289482
0.185454
0.0247478
0.0208061
0.0171099
0.0136192
0.0103437
0.00721177
0.0042928
0.00141752
-0.00117336
-0.00390057
-0.00608524
-0.00901679
0.18713
-0.00953909
0.61571
0.191033
0.224616
-0.568728
-0.50594
-0.429184
0.552618
0.230112
-0.347223
-0.291543
-0.249901
-0.217844
-0.191339
-0.169096
-0.149818
0.382305
-0.132991
-0.117845
-0.104133
-0.0915464
-0.0799698
-0.0692419
-0.0592743
-0.0499732
-0.0412942
0.153972
-0.0331835
0.138254
-0.0256078
-0.0185438
-0.0119735
-0.00588219
-0.000293871
0.00481305
0.00948107
0.0137174
0.0175307
0.0209157
0.0238867
0.0264408
0.0285803
0.0303831
0.0317791
0.0327491
0.0333557
0.240311
0.0335984
0.03349
0.0330193
0.0322238
0.0310458
0.0295818
0.0276353
0.0254815
0.0224858
0.0291558
0.0195586
0.0271059
0.0144467
0.0252517
0.0235653
0.0144652
0.0252184
0.0238811
0.0195675
0.0267666
0.0224801
0.0284861
0.0254605
0.0276031
0.0295417
0.030997
0.211253
0.032168
0.0329572
0.0334241
0.0335299
0.0332857
0.0326764
0.0317053
0.0276756
0.0303091
0.0285067
0.0263677
0.0238139
0.0208437
0.0174598
0.0136475
0.00941129
-0.387652
0.00474233
-0.000358059
-0.00594187
-0.0120337
-0.0186043
-0.0256692
-0.0332429
-0.0149551
-0.0413544
-0.0500339
-0.0593347
-0.069303
-0.0800318
-0.0916091
-0.104198
-0.117908
-0.133054
-0.149887
-0.169163
-0.191403
-0.217906
0.355251
-0.249953
-0.291592
-0.347243
-0.429154
-0.505381
0.388344
-0.567106
-0.38273
-0.122803
0.136165
0.484357
0.489
0.129993
0.136071
-0.125621
0.00517466
0.0466165
0.215173
0.453349
0.154489
0.256236
0.27529
0.0291056
0.632144
0.0301221
0.405152
0.221084
0.0306221
0.0229987
0.0321753
0.293409
0.310666
0.325823
0.338505
0.371736
0.0222105
0.338513
0.325828
0.310546
0.0359938
0.0382208
0.0981944
0.073324
0.0506007
-0.0246371
-0.0281468
-0.0299588
0.000874305
0.117686
0.02309
0.0338099
0.0225263
0.0316262
