278.73
278.732
278.685
278.683
278.77
278.771
278.784
278.809
278.783
278.808
278.786
278.81
274.235
274.242
274.335
274.344
274.13
274.137
274.249
274.351
274.144
278.729
278.681
278.769
278.787
278.812
278.727
278.679
278.768
278.788
278.813
274.513
274.508
274.577
274.572
274.447
274.441
278.726
278.677
278.766
278.79
278.814
274.505
274.57
274.439
275.214
275.217
275.18
275.183
275.264
275.266
275.146
275.146
275.143
275.144
275.15
275.15
278.724
278.675
278.765
278.791
278.815
275.106
275.096
275.084
275.096
275.119
275.111
274.953
274.933
274.987
274.972
274.916
274.891
274.869
274.89
274.825
274.85
274.911
274.928
275.114
275.105
275.126
275.651
275.617
275.513
275.479
275.804
275.769
278.723
278.673
278.764
278.792
278.815
275.685
275.547
275.839
274.849
274.802
274.894
274.953
274.939
274.967
274.874
274.893
274.956
274.977
274.81
274.793
276.314
276.099
276.135
276.349
276.064
276.279
276.581
276.541
276.412
276.374
276.754
276.717
278.722
278.671
278.764
278.793
278.816
274.612
274.602
274.699
274.687
274.513
274.522
275.143
275.146
275.142
275.145
275.145
275.147
278.721
278.67
278.763
278.795
278.817
274.654
274.608
274.705
274.663
274.548
274.599
275.123
275.121
275.116
275.113
275.129
275.127
274.564
274.624
274.501
274.491
274.572
274.552
274.625
274.426
274.517
275.544
275.576
275.415
275.447
275.718
275.685
276.404
276.242
276.364
276.205
276.442
276.279
274.415
274.482
274.343
278.719
278.668
278.762
278.796
278.818
275.065
275.048
275.074
275.059
275.057
275.037
275.512
275.383
275.651
276.572
276.534
276.61
275.028
275.042
275.014
278.719
278.667
278.761
278.797
278.819
275.191
275.191
275.17
275.17
275.223
275.223
275.191
275.171
275.223
274.701
274.766
274.705
274.771
274.7
274.764
278.718
278.666
278.761
278.798
278.82
275.099
275.088
275.114
275.109
274.625
274.714
274.614
274.702
274.635
274.726
278.717
278.665
278.76
278.799
278.82
274.445
274.441
274.512
274.508
274.375
274.372
274.126
274.135
274.214
274.224
274.034
274.042
274.45
274.517
274.38
274.143
274.234
274.049
278.716
278.664
278.76
278.799
278.821
274.622
274.635
274.692
274.706
274.552
274.564
274.648
274.72
274.577
275.297
275.329
278.716
278.663
278.759
278.8
278.821
275.004
275.023
275.002
274.98
275.029
275.044
275.043
275.006
275.011
275.045
275.002
275.041
275.267
274.985
274.958
275.013
274.804
274.738
274.834
274.775
274.772
274.698
274.842
274.866
278.715
278.662
278.759
278.82
278.799
278.715
278.662
278.759
273.187
273.201
273.187
273.201
273.187
273.201
275.167
275.101
275.168
275.105
275.167
275.098
274.836
274.806
274.868
274.891
274.777
274.74
274.775
274.846
274.503
274.435
274.551
274.487
274.388
274.458
278.714
278.661
278.758
273.187
273.201
275.046
275.053
275.039
274.853
274.933
274.952
274.871
274.914
274.837
274.758
274.836
274.74
274.817
274.854
274.775
275.865
275.7
275.735
275.9
275.666
275.83
278.714
278.661
278.758
273.186
273.2
278.714
278.66
278.758
273.186
273.2
274.439
274.532
274.54
274.446
274.43
278.713
278.66
278.758
273.186
273.2
275.14
275.139
275.141
275.142
275.137
275.137
274.118
274.11
274.205
274.196
274.027
274.02
275.322
275.346
275.229
275.208
275.452
275.479
274.127
274.215
274.035
275.299
275.188
275.426
274.398
274.386
274.467
274.455
274.326
274.314
274.603
274.69
278.713
278.66
278.758
273.186
273.199
274.961
275.026
275.027
274.959
275.027
274.965
276.087
276.126
275.935
275.974
276.289
276.25
274.378
274.306
275.14
275.14
275.142
275.142
275.138
275.138
274.939
274.848
274.936
274.853
274.946
274.85
278.713
278.66
278.758
273.185
273.199
275.017
275.039
274.997
278.713
278.659
278.757
273.185
273.199
275.015
275.006
278.713
278.659
278.757
273.185
273.198
274.326
274.421
274.334
274.317
274.412
275.097
275.074
275.095
275.072
275.1
275.077
275.127
275.132
274.905
274.922
274.89
274.818
278.713
278.659
278.757
273.184
273.198
275.121
275.161
275.163
275.146
275.15
275.185
274.951
274.96
274.348
274.338
274.422
274.412
274.27
274.261
275.14
275.142
275.157
275.142
274.358
274.433
274.279
275.137
278.713
278.659
278.757
273.184
273.197
274.357
274.455
274.449
274.362
274.461
278.713
278.659
278.757
273.184
273.197
275.126
275.132
275.126
275.132
275.126
275.131
274.798
274.845
274.835
274.876
274.759
274.812
274.387
274.457
274.314
274.308
275.136
275.137
275.136
274.394
274.464
274.321
278.713
278.659
278.757
273.183
273.196
274.803
274.789
274.818
278.713
278.659
278.757
273.183
273.196
278.713
278.659
278.757
273.183
273.195
274.673
274.718
274.701
274.591
274.502
278.713
278.659
278.757
273.183
273.196
278.713
278.659
278.757
273.183
273.196
276.02
275.981
275.875
275.838
276.172
276.131
278.713
278.659
278.757
273.183
273.195
278.713
278.66
278.758
273.182
273.195
278.713
278.66
278.758
273.182
273.195
278.713
278.66
278.758
273.182
273.194
274.914
274.938
274.952
274.971
274.904
274.874
274.932
274.905
274.939
274.962
274.869
274.901
274.931
274.889
278.714
278.66
278.758
273.182
273.194
275.212
275.226
275.118
275.128
275.323
275.34
278.714
278.661
278.758
273.181
273.194
275.141
275.142
275.138
275.139
275.144
275.143
275.2
275.109
275.307
274.227
274.232
274.301
274.306
274.149
274.154
275.574
275.571
275.437
275.435
275.748
275.743
275.144
275.145
275.142
275.144
275.484
275.607
275.575
275.455
275.514
275.638
275.578
275.439
275.753
275.145
275.145
275.146
275.369
275.341
275.396
274.255
274.11
274.02
274.027
274.118
274.013
274.102
278.714
278.661
278.758
273.181
273.193
275.157
275.15
275.157
275.149
275.158
274.24
274.315
274.327
274.252
274.715
274.757
274.811
274.655
274.704
278.715
278.662
278.759
273.181
273.193
275.128
275.133
275.138
275.121
275.114
275.132
275.095
275.105
275.114
275.105
275.096
275.084
278.715
278.662
278.759
273.181
273.193
276.591
276.384
276.418
276.624
276.349
276.558
274.999
274.944
274.938
274.998
278.716
278.663
278.759
273.181
273.192
274.151
274.148
274.229
274.226
274.069
274.066
274.155
274.233
274.073
278.716
278.664
278.76
273.18
273.192
278.717
278.665
278.76
273.18
273.192
274.612
274.601
274.68
274.669
274.543
274.533
278.718
278.666
278.761
273.18
273.192
275.145
275.145
275.144
275.144
274.623
274.693
274.553
274.523
274.604
274.509
274.588
274.537
274.618
275.145
275.145
275.144
278.719
278.667
278.761
273.18
273.191
274.065
274.066
274.146
274.147
273.98
273.981
274.862
273.981
278.72
278.668
278.762
273.18
273.191
274.843
274.786
274.836
274.777
274.852
274.798
275.136
275.134
275.141
275.139
275.128
275.126
278.721
278.67
278.763
273.18
273.191
274.894
274.94
274.928
274.879
274.953
274.911
274.983
274.949
274.968
274.999
274.968
274.93
274.659
274.651
274.718
274.727
274.584
274.592
274.738
278.722
278.671
278.764
273.18
273.191
276.502
276.333
276.681
275.297
275.405
275.269
275.373
275.328
275.436
278.723
278.673
278.765
273.18
273.191
274.649
274.706
274.728
274.674
274.628
274.687
278.724
278.675
278.766
273.18
273.192
274.964
274.908
274.9
274.96
274.916
274.97
276.165
276.014
276.327
278.726
278.677
278.767
273.18
273.192
275.141
275.143
275.139
275.08
275.18
275.059
275.157
275.101
275.203
275.561
275.561
275.433
275.434
275.725
275.724
274.985
274.967
275.004
275.561
275.433
275.725
278.727
278.679
278.768
273.181
273.193
275.034
275.029
274.958
274.96
275.117
275.109
275.041
274.964
275.127
275.331
275.331
275.255
275.253
275.434
275.435
278.729
278.681
278.769
273.181
273.193
275.332
275.257
275.433
278.731
278.683
278.77
273.182
273.195
274.013
274.007
274.103
274.095
273.92
273.914
275.131
275.138
275.124
275.102
274.16
274.239
274.077
273.926
275.929
275.93
275.928
274.166
274.245
274.083
278.732
278.686
278.771
273.183
273.196
275.146
274.585
274.597
274.648
274.658
274.533
274.521
278.734
278.688
278.773
273.185
273.198
274.578
274.641
274.513
275.91
276.056
278.736
278.69
278.774
273.187
273.201
278.738
278.693
278.775
273.19
273.206
275.007
274.996
274.987
278.74
278.696
278.777
273.195
273.213
276.712
276.746
275.622
275.595
275.751
275.724
275.499
275.474
274.933
274.858
274.921
274.847
274.947
274.869
276.497
276.679
278.742
278.698
278.778
273.202
273.223
274.337
274.347
274.411
274.421
274.26
274.269
278.744
278.701
278.78
273.216
273.245
274.635
274.636
275.023
275.123
274.927
274.91
274.639
275.221
275.255
275.157
275.12
275.363
278.746
278.704
278.781
273.27
273.317
275.111
275.093
275.11
275.114
275.123
275.122
274.065
274.065
274.146
274.146
273.98
273.98
278.748
278.707
278.783
273.416
273.351
274.066
274.147
273.981
278.75
278.709
278.785
273.348
273.419
275.14
275.14
275.138
275.138
275.142
275.142
278.753
278.712
278.786
273.351
273.429
275.093
275.072
275.093
275.073
275.071
275.128
275.127
275.12
275.119
275.134
275.133
275.335
275.448
275.31
275.422
275.359
275.474
275.227
275.25
278.755
278.715
278.788
273.425
273.526
278.757
278.718
278.789
273.646
273.796
276.384
276.418
276.189
276.224
276.591
276.624
276.349
276.153
276.558
276.175
275.942
275.919
276.15
275.967
276.201
278.759
278.72
278.791
275.15
275.15
278.761
278.723
278.792
273.646
273.796
275.15
275.15
273.425
273.526
274.912
274.956
274.94
278.763
278.726
278.794
273.352
273.429
274.737
274.721
274.812
274.795
274.649
274.664
274.754
274.83
274.68
278.765
278.728
278.795
273.348
273.419
274.914
274.936
274.878
274.904
274.891
274.851
275.433
275.564
275.565
275.433
275.563
275.433
278.767
278.731
278.797
273.416
273.351
278.769
278.734
278.798
273.27
273.317
275.035
275.042
274.961
274.965
275.029
274.959
278.771
278.736
278.799
273.216
273.245
275.249
275.252
275.246
276.791
276.617
276.969
276.937
278.772
278.738
278.801
273.202
273.223
278.774
278.741
278.802
273.195
273.213
274.491
274.478
274.565
274.578
274.4
274.388
274.572
274.571
274.506
274.506
278.776
278.743
278.803
273.19
273.206
274.574
275.391
275.506
275.469
275.358
275.541
275.424
275.112
275.11
275.092
275.088
275.126
275.124
274.76
274.814
274.744
274.799
274.78
274.83
275.284
275.254
275.313
278.778
278.745
278.805
273.187
273.201
275.099
275.103
275.096
278.779
278.748
278.806
273.185
273.198
274.982
274.947
274.998
274.966
278.781
278.75
278.807
273.183
273.196
275.132
275.132
275.137
275.132
275.126
275.126
275.126
274.363
274.313
275.147
275.148
275.148
275.147
275.149
275.148
278.752
273.182
273.195
275.146
275.145
275.147
276.746
276.524
276.779
276.714
276.489
278.754
273.181
273.193
274.896
275.169
275.172
275.095
275.096
275.264
275.257
278.756
273.181
273.193
276.987
276.78
277.013
276.809
276.959
276.75
274.342
275.802
275.944
275.77
275.832
275.975
274.573
274.577
274.639
274.643
274.511
274.507
275.218
275.22
275.187
275.668
275.697
278.758
273.18
273.192
274.971
275.018
274.981
274.583
274.65
274.516
278.759
273.18
273.192
278.761
273.18
273.191
278.763
273.18
273.191
275.143
275.143
275.143
275.143
275.143
275.143
274.533
274.521
274.596
274.585
278.764
273.18
273.191
278.766
273.18
273.191
275.291
275.197
275.433
275.338
275.434
275.338
275.433
275.337
275.7
275.735
275.552
275.584
275.9
275.865
278.768
273.18
273.191
275.06
275.056
275.065
275.096
275.667
275.519
275.83
274.252
274.24
274.174
274.162
275.144
275.145
275.148
274.231
274.154
278.769
273.18
273.192
275.049
275.068
274.979
274.962
275.145
275.166
275.13
275.136
275.129
275.135
275.138
275.132
275.031
275.124
275.121
275.12
275.123
274.679
274.646
274.731
274.701
274.588
278.77
273.18
273.192
274.616
274.555
274.885
274.956
274.959
274.897
274.954
274.877
278.772
273.18
273.192
275.015
275.013
278.773
273.181
273.192
276.212
275.141
275.139
275.143
278.774
273.181
273.193
274.227
274.217
275.334
275.335
275.263
275.432
275.433
274.235
274.259
275.333
275.261
275.432
278.774
273.181
273.193
273.181
273.193
275.009
275.021
273.218
273.218
273.181
273.194
275.17
274.47
274.546
274.483
274.56
274.457
274.532
274.832
275.17
273.218
273.182
273.194
273.217
273.182
273.194
274.657
274.648
274.718
274.709
275.097
275.096
275.109
275.109
275.08
275.083
273.217
273.182
273.195
274.64
274.703
275.102
275.074
275.094
275.063
275.086
275.111
275.153
275.149
274.658
273.216
273.182
273.195
275.143
274.427
274.44
275.321
275.298
275.207
275.188
275.452
275.426
275.346
275.229
275.479
274.453
273.216
273.183
273.195
276.825
276.651
274.564
274.579
274.649
274.663
274.491
274.478
273.215
273.183
273.196
274.868
274.9
274.931
274.831
274.868
274.591
274.676
274.503
273.215
273.183
273.196
275.138
275.131
274.833
275.142
273.214
273.183
273.195
274.809
274.839
274.798
274.764
274.78
274.826
274.732
273.214
273.183
273.196
275.109
275.118
275.108
275.118
275.11
275.119
274.787
274.773
274.801
274.712
275.727
275.761
275.6
275.569
275.904
275.939
275.694
275.538
275.869
273.213
273.183
273.196
275.561
275.433
275.726
275.562
275.727
273.213
273.184
273.197
275.271
275.339
275.339
275.271
275.339
275.271
274.224
273.212
273.184
273.197
275.015
275.001
273.211
273.184
273.198
273.211
273.185
273.198
275.421
275.312
275.39
275.284
275.453
275.34
275.154
275.16
275.538
275.502
275.573
273.211
273.185
273.199
275.165
274.862
274.875
275.35
275.248
275.358
275.252
275.345
275.246
273.211
273.185
273.199
273.21
273.186
273.199
274.78
274.753
273.21
273.186
273.2
275.094
275.077
274.78
274.864
274.917
274.866
273.209
273.186
273.2
275.044
275.028
274.981
274.963
274.88
274.864
275.083
275.063
273.209
273.186
273.2
274.588
274.615
274.673
274.649
274.525
274.554
275.702
275.666
275.798
275.737
273.209
273.187
273.201
274.566
274.627
274.501
275.115
275.087
275.109
275.12
274.021
274.028
273.915
273.909
273.208
273.187
273.201
275.358
275.256
275.325
275.226
274.034
273.921
275.134
275.133
274.894
274.893
273.208
273.187
273.201
274.893
275.062
275.11
275.071
275.033
275.116
273.207
273.187
273.201
274.836
274.821
274.763
274.749
274.914
274.897
274.75
274.936
275.041
275.018
274.764
278.774
278.8
278.799
278.773
278.773
278.799
273.207
274.852
274.777
274.931
278.773
278.798
273.207
275.108
276.478
276.444
276.244
276.21
276.729
276.698
276.512
276.761
278.771
278.798
273.206
278.77
278.797
273.206
274.73
274.745
274.633
274.714
275.942
275.919
275.739
275.717
276.174
276.15
275.967
275.762
276.2
278.769
278.796
273.206
274.349
274.453
274.355
274.955
274.96
275.019
275.026
274.869
274.871
278.767
278.794
273.205
274.728
274.705
274.686
274.545
274.603
274.42
278.766
278.793
273.205
275.628
275.758
275.96
275.954
278.764
278.792
273.205
275.967
278.763
278.791
273.205
278.761
278.789
273.205
274.914
274.978
274.971
275.029
275.033
275.031
275.019
275.119
275.12
275.109
275.108
275.129
275.128
278.759
278.788
273.206
275.148
275.149
275.148
275.148
275.149
275.179
275.245
275.246
275.183
275.244
275.175
275.146
275.147
278.757
278.787
273.206
276.175
276.174
276.176
278.755
278.785
273.207
276.435
276.41
276.461
278.753
278.784
273.208
275.071
275.085
275.116
275.129
275.056
275.072
278.751
278.782
273.21
278.749
278.781
273.212
275.776
275.768
275.596
275.589
275.994
275.984
275.786
275.604
276.006
278.747
278.779
273.215
275.149
275.149
278.745
278.777
273.219
274.678
274.645
274.766
274.783
274.519
274.567
275.648
275.524
275.778
278.743
278.776
273.225
274.022
273.909
273.903
274.014
274.029
273.915
274.938
274.889
274.954
274.911
274.613
274.751
275.267
275.268
278.741
278.774
273.235
275.731
275.733
274.095
274.179
274.187
274.006
275.729
278.738
278.772
273.25
275.562
274.622
275.563
274.301
274.372
274.226
278.736
278.77
273.282
275.191
274.298
274.37
274.224
275.191
276.157
276.315
276.126
276.283
276.187
276.346
276.006
276.034
278.733
278.769
273.371
278.731
278.767
273.489
278.728
278.765
273.501
278.726
278.763
273.521
275.468
275.433
274.75
274.654
274.737
274.643
274.764
274.666
274.847
274.831
274.863
278.723
278.761
273.642
278.72
278.759
273.954
274.89
274.91
275.433
275.336
275.433
275.336
278.718
278.757
276.392
276.425
276.214
276.581
276.612
275.478
275.489
275.351
275.358
275.635
275.649
276.359
276.181
276.55
275.469
275.345
275.624
278.715
278.754
273.954
273.643
277.156
277.126
277.347
277.322
278.712
278.752
273.521
276.793
276.546
276.761
276.512
276.825
276.58
278.709
278.75
273.501
278.706
278.748
273.488
274.614
278.704
278.746
273.371
275.663
275.648
275.5
275.488
275.858
275.84
275.68
275.514
275.876
278.701
278.744
273.282
274.391
274.379
275.561
275.561
274.403
275.561
274.369
274.438
274.371
274.44
278.698
278.742
273.25
274.268
274.19
278.696
278.74
273.235
275.177
275.173
274.57
274.622
274.655
274.486
274.547
274.549
278.693
278.738
273.225
278.69
278.736
273.219
276.98
276.95
277.01
278.688
278.734
273.215
274.792
274.285
274.377
274.295
274.275
274.366
277.2
277.175
275.106
277.224
273.212
275.089
273.21
273.208
275.145
275.166
275.273
275.044
273.207
273.206
274.987
274.113
274.006
274.014
274.122
273.999
274.105
273.206
275.149
275.149
275.383
275.272
275.359
275.249
275.407
275.295
275.148
273.205
274.945
274.848
273.205
275.795
275.633
273.205
275.14
275.135
275.143
273.205
273.205
275.19
275.169
275.222
275.223
275.189
275.167
275.221
273.206
275.434
275.434
275.434
274.364
274.359
274.466
274.459
274.259
274.257
273.206
273.206
275.257
275.168
275.167
275.366
273.207
275.263
275.171
275.376
277.169
276.919
277.196
277.141
276.888
273.207
274.455
274.467
274.386
274.398
276.007
276.042
275.874
275.839
275.478
275.469
273.207
274.447
274.378
275.971
275.804
273.208
273.208
273.209
276.881
276.604
276.909
276.635
276.852
276.574
273.209
273.209
273.21
274.237
274.271
274.315
274.348
274.156
274.191
274.21
274.288
274.128
273.21
273.211
275.222
275.19
275.221
275.189
275.15
275.15
275.15
275.15
275.15
275.15
273.211
275.044
275.042
273.211
273.951
273.85
273.958
273.855
273.844
273.945
275.13
275.001
275.048
273.211
275.189
275.16
273.212
273.213
273.213
275.332
275.331
275.334
273.214
274.999
275.102
274.897
273.214
274.548
274.61
273.215
273.215
273.216
274.829
274.843
274.746
274.759
274.929
274.913
275.063
275.006
274.98
275.084
275.036
276.061
276.214
275.889
275.916
273.216
275.072
275.102
275.139
275.143
275.142
275.144
275.14
273.217
274.603
274.541
274.478
275.474
275.631
275.656
275.496
275.607
275.453
273.217
275.359
275.38
275.259
275.241
275.52
277.206
277.026
277.177
276.994
277.235
277.055
273.218
274.534
274.524
274.542
273.218
274.44
274.431
273.218
274.415
274.496
274.331
274.32
275.674
275.648
275.549
275.525
275.805
275.779
275.398
274.428
274.51
274.343
274.253
274.329
275.22
275.187
275.219
275.185
275.258
275.379
275.358
275.241
275.277
275.402
278.744
278.743
274.224
278.742
278.74
275.556
275.59
274.51
274.389
274.561
274.454
274.456
274.318
278.738
275.233
275.132
275.11
275.208
275.259
275.156
275.368
275.17
275.154
275.975
275.76
276.228
276.219
278.737
274.925
274.91
276.238
274.578
278.735
277.292
277.316
277.091
277.119
277.501
277.52
278.733
277.27
277.066
277.481
278.731
274.71
274.743
278.729
274.524
274.369
274.263
274.474
278.727
278.724
274.298
278.722
274.299
275.145
275.142
275.143
275.139
275.147
275.144
274.894
274.973
274.952
274.874
274.996
275.147
275.146
275.148
278.72
277.003
276.879
276.848
276.705
276.675
273.794
273.788
275.561
275.562
278.717
278.715
278.712
276.452
276.258
276.485
276.293
275.383
275.5
275.407
278.709
275.295
278.706
278.703
275.339
275.27
275.27
275.434
275.339
275.271
275.434
278.701
278.697
273.885
273.774
273.778
273.89
273.769
273.879
276.902
278.694
274.96
278.691
275.032
275.038
274.977
275.097
275.095
278.688
275.029
275.094
276.03
275.836
275.996
275.803
276.064
277.055
277.083
277.025
278.685
278.681
278.678
274.514
274.422
273.991
273.987
278.674
274.373
274.442
273.996
274.37
274.439
274.299
278.671
274.958
274.893
275.026
274.211
274.289
274.13
274.108
276.01
275.974
275.323
275.353
275.238
275.211
275.447
275.48
278.667
274.189
274.18
275.1
275.105
275.045
275.052
275.166
275.167
274.198
278.664
278.66
275.897
275.754
275.859
275.717
275.794
278.656
274.606
274.592
274.696
274.621
278.653
275.081
278.649
274.766
274.752
274.78
274.668
274.656
274.68
278.646
278.642
278.639
274.589
275.601
275.631
275.771
275.573
275.74
278.636
275.148
275.146
274.551
277.367
277.393
275.149
274.384
274.377
274.273
274.268
274.484
274.493
278.632
275.141
275.137
273.896
278.629
276.279
276.314
276.099
276.244
273.902
278.626
275.825
275.841
275.811
276.344
276.325
276.085
276.066
276.634
276.615
278.623
276.365
276.105
276.654
274.474
274.484
275.15
275.15
278.621
278.618
274.717
274.755
274.708
274.665
274.681
274.625
275.104
275.12
275.117
275.124
274.483
274.494
275.133
278.616
274.505
274.432
278.613
274.646
274.701
278.611
274.482
278.609
278.607
274.724
274.816
274.633
278.605
278.604
278.603
274.858
274.946
278.601
277.426
277.402
277.45
278.6
278.599
278.774
278.598
273.218
274.685
274.766
274.783
274.702
274.669
274.748
274.997
276.524
276.314
276.746
276.779
276.489
276.278
276.714
278.598
275.269
275.267
278.597
274.37
274.439
274.298
277.173
277.148
278.597
274.3
275.52
275.496
277.198
278.596
273.745
273.74
275.149
275.149
275.148
278.596
278.596
275.84
275.813
275.787
278.595
274.173
274.18
275.367
275.377
275.501
275.514
278.595
274.67
276.461
276.746
276.488
276.772
276.722
276.435
278.595
278.595
273.865
273.967
273.922
274.023
273.821
273.922
278.595
274.969
275.037
274.873
273.965
273.972
274.065
274.073
273.867
273.861
275.008
274.958
275.068
274.911
274.833
275.144
275.146
274.575
274.59
273.979
274.081
273.873
275.053
275.096
278.595
274.739
276.08
276.316
276.347
276.111
276.285
276.05
278.595
275.357
275.386
275.266
275.24
275.488
275.869
275.683
278.595
275.329
275.214
275.457
276.898
276.929
273.764
273.653
273.656
273.649
273.759
276.868
278.595
273.712
273.681
273.787
273.755
278.595
276.24
276.087
276.213
276.061
276.265
276.113
276.399
276.372
276.424
278.595
278.596
278.596
275.698
275.83
278.596
275.573
278.597
276.178
275.931
276.18
275.933
273.722
273.718
273.823
273.818
273.619
273.616
273.726
273.828
273.622
278.597
274.824
274.802
278.598
278.599
274.644
278.599
278.6
274.276
274.352
274.191
278.601
274.045
274.155
274.044
274.153
274.047
274.157
278.603
278.604
276.248
274.207
274.306
274.114
274.105
276.176
276.21
275.963
276.411
276.445
278.606
275.025
276.657
276.689
276.143
275.93
276.379
278.607
278.609
275.416
275.294
274.467
276.907
276.733
278.611
276.87
278.613
276.05
274.519
276.012
278.616
275.13
275.138
275.125
275.135
275.134
275.141
275.115
275.108
275.122
278.618
274.092
274.081
278.621
273.711
273.61
273.613
273.714
273.608
273.708
278.623
275.48
275.516
275.645
275.61
274.605
274.524
273.93
273.933
274.621
274.538
278.626
274.278
274.357
274.196
273.933
276.046
278.629
275.936
275.769
278.633
275.089
275.106
275.124
273.799
278.636
275.081
275.091
278.639
274.61
278.643
276.914
276.887
276.737
276.712
277.092
277.066
274.096
274.18
274.186
274.265
273.996
274.087
278.646
274.403
274.024
274.118
273.922
278.65
273.66
274.705
274.717
274.822
274.809
274.61
274.599
278.653
273.813
273.909
273.809
273.904
273.818
273.914
273.663
278.657
274.489
274.459
274.434
278.66
274.587
274.589
278.664
275.085
275.109
275.052
277.669
277.646
277.484
277.461
277.853
277.833
278.667
278.671
278.674
275.15
274.75
274.633
274.771
274.669
274.733
274.598
278.678
275.15
274.152
274.244
274.162
274.254
278.681
278.685
278.688
276.478
278.691
275.929
275.725
275.928
275.724
275.93
275.725
278.695
274.149
278.698
275.263
275.261
275.209
275.212
275.335
275.334
275.265
275.215
274.018
273.982
274.107
274.072
273.887
278.701
276.093
273.954
274.044
273.86
278.704
278.707
276.78
276.809
276.986
277.013
275.15
275.15
278.709
276.75
276.959
277.603
277.623
277.374
277.396
277.836
277.853
277.583
277.35
277.82
278.712
276.461
276.463
276.175
276.176
276.785
276.786
276.46
276.174
276.784
278.715
277.085
278.717
275.545
273.735
273.63
273.626
273.731
273.633
273.74
277.728
277.94
277.952
277.744
277.926
277.712
278.72
275.079
275.089
275.056
275.044
275.128
275.122
275.066
275.083
275.102
275.113
275.005
275.03
278.722
275.07
275.115
274.39
274.278
278.725
278.727
278.729
275.212
273.981
274.07
273.954
274.043
274.016
274.106
275.209
278.731
278.733
278.735
278.737
278.739
278.74
278.742
278.743
278.744
273.239
273.239
273.238
276.021
276.019
275.798
276.006
275.787
276.033
273.238
277.689
277.505
274.976
274.739
273.237
274.645
273.75
273.236
275.15
275.15
274.775
274.761
274.566
274.525
274.42
273.236
276.932
277.271
277.286
276.95
277.256
276.916
273.235
274.657
274.61
275.334
275.31
275.448
275.422
275.226
275.203
273.234
275.133
275.135
275.15
275.15
275.15
275.15
275.15
275.15
273.234
273.81
275.15
275.15
275.15
276.088
276.241
275.943
273.233
273.329
273.447
273.328
273.449
273.329
273.441
273.327
273.45
273.326
273.451
273.232
274.715
276.574
276.604
273.324
273.45
276.544
273.323
273.448
273.322
273.446
273.231
276.146
275.979
276.181
276.015
276.112
275.944
273.32
273.444
273.319
273.442
273.317
273.439
273.231
273.316
273.437
273.314
273.434
273.312
273.432
273.23
273.311
273.429
273.311
273.428
273.311
273.426
273.229
273.31
273.425
276.465
276.463
273.308
273.423
276.467
273.307
273.421
273.23
273.982
274.102
274.196
273.886
273.306
273.419
273.305
273.417
273.229
274.859
274.722
274.723
274.736
274.88
273.304
273.415
273.303
273.413
273.301
273.411
273.229
273.3
273.409
273.299
273.407
273.298
273.405
273.228
273.298
273.404
273.297
273.402
273.296
273.401
273.227
273.536
273.539
273.296
273.4
273.542
273.296
273.4
273.296
273.4
273.227
275.054
273.296
273.4
273.296
273.401
273.226
274.137
274.034
274.144
274.131
273.298
273.403
273.299
273.406
273.302
273.41
273.226
276.117
273.305
273.415
276.082
273.31
273.423
273.635
273.596
273.318
273.435
273.225
273.568
273.327
273.45
273.342
273.473
275.135
275.128
275.142
275.137
275.124
275.112
273.363
273.505
273.225
273.218
273.396
273.55
273.448
273.616
273.535
273.713
273.224
278.743
273.672
273.851
273.872
274.05
274.267
274.291
273.224
273.223
274.389
274.4
274.466
274.377
274.913
275.148
275.149
275.148
273.223
273.891
273.892
273.222
273.892
274.248
274.63
274.046
274.451
274.593
274.845
274.325
273.933
273.222
275.149
275.147
275.149
275.149
275.149
275.15
273.878
274.273
274.055
274.301
273.222
277.008
277.337
277.319
276.988
277.356
277.03
273.222
275.128
275.136
273.222
273.222
276.03
275.996
273.223
273.223
275.43
275.317
274.495
274.506
273.224
273.226
276.938
277.117
273.228
276.763
277.541
277.785
277.803
277.562
277.767
277.519
273.231
274.057
273.235
273.718
273.816
273.697
273.696
273.816
273.696
273.816
274.335
273.934
273.241
273.25
273.507
273.505
274.478
274.047
274.63
274.249
273.509
273.263
274.676
274.663
274.791
274.591
273.284
274.982
275.021
275.139
275.144
275.142
275.146
275.13
275.136
273.329
274.795
274.728
274.834
274.62
273.434
273.569
273.593
274.343
274.414
274.364
274.435
273.628
276.242
276.454
273.774
276.206
276.419
273.754
274.117
274.501
274.117
273.775
276.345
276.085
276.325
276.066
276.365
276.105
273.629
276.249
276.539
276.528
275.199
275.203
275.195
276.261
276.552
275.861
273.594
275.752
275.724
274.039
274.148
274.04
274.151
273.569
274.984
275.039
277.872
273.434
273.329
275.336
275.337
277.123
277.095
276.902
276.872
277.326
277.35
273.284
274.324
274.395
273.856
273.673
273.263
275.729
277.52
277.705
277.338
277.32
275.73
277.175
277.2
277.149
276.93
274.058
274.05
274.153
274.144
273.959
273.952
273.716
273.535
273.249
274.066
274.162
273.965
273.618
273.449
273.241
274.023
273.551
273.396
273.235
278.142
277.912
278.131
278.152
274.388
274.007
274.363
274.157
274.192
273.505
273.363
273.231
274.415
274.495
274.402
274.482
273.886
273.921
273.473
273.342
273.228
273.859
277.564
277.542
277.275
277.25
277.859
277.842
273.932
277.586
277.301
277.876
273.451
273.328
273.226
273.938
278.162
273.435
273.318
273.224
273.522
273.519
273.424
273.311
273.223
273.525
274.705
277.893
277.607
273.415
273.306
273.223
274.046
274.158
273.932
273.41
273.302
273.222
275.594
275.614
275.493
275.474
275.741
275.72
273.406
273.299
273.222
274.491
274.501
274.39
274.383
274.61
274.599
273.403
273.298
273.222
275.038
275.094
274.903
274.828
273.401
273.297
273.222
275.138
275.154
275.264
275.247
275.047
275.032
273.4
273.296
273.222
275.442
275.445
275.332
275.331
275.583
275.589
278.172
277.965
273.4
273.296
273.222
275.439
275.331
275.579
276.327
276.293
273.223
276.36
273.4
273.296
273.401
273.296
273.223
273.401
273.296
273.224
275.05
274.984
273.403
273.297
273.224
275.133
275.135
275.13
275.13
273.404
273.298
276.872
276.901
277.095
277.122
273.225
276.841
277.067
273.812
273.812
273.929
273.928
273.693
273.693
277.03
277.052
277.356
277.375
273.405
273.299
273.225
276.98
277.01
277.223
277.25
276.95
277.196
273.407
273.299
275.584
275.551
276.276
276.291
273.226
276.262
273.927
273.927
274.046
274.047
273.806
273.808
273.409
273.3
274.366
274.468
273.226
273.411
273.301
275.259
275.234
275.285
273.227
275.126
275.134
273.413
273.303
273.227
275.149
273.676
273.557
273.554
273.672
273.56
273.681
273.415
273.304
273.228
276.861
276.85
273.417
273.305
275.099
275.086
275.09
275.102
276.873
277.626
277.638
273.229
277.614
273.419
273.306
273.229
273.745
273.637
273.641
273.75
276.666
276.698
273.421
273.307
276.635
275.099
275.127
273.23
275.139
275.14
275.139
275.135
273.423
273.309
275.142
275.141
273.229
275.099
275.096
275.111
275.101
273.425
273.31
273.23
274.295
274.305
273.426
273.311
273.231
273.428
273.311
273.231
273.429
273.311
275.119
275.12
275.119
277.075
273.232
273.432
273.312
275.11
275.112
273.233
275.15
275.15
275.15
275.15
273.434
273.314
275.135
273.234
273.437
273.316
273.92
275.099
273.234
273.235
273.439
273.317
273.441
273.319
273.236
273.444
273.32
275.143
275.142
275.143
273.862
273.992
273.762
273.236
274.929
275.033
274.854
274.985
275.078
275.009
273.446
273.321
273.237
275.114
275.121
273.754
273.645
273.649
273.759
273.447
273.323
274.64
274.745
273.238
275.127
274.368
274.444
275.142
275.145
273.449
273.324
277.141
277.143
276.788
277.139
275.143
273.238
273.45
273.326
273.715
273.613
273.239
275.126
275.119
275.131
273.449
273.327
277.501
277.482
277.295
277.271
277.713
277.696
273.332
273.42
273.239
277.729
277.94
277.927
277.747
277.953
273.448
273.328
275.026
275.049
274.28
275.141
275.134
273.446
273.329
275.145
278.707
278.706
276.052
275.906
275.871
275.941
276.088
273.441
273.329
275.085
275.081
275.089
274.354
274.342
274.365
278.704
275.07
275.065
275.075
277.619
277.595
277.433
277.404
277.81
277.788
278.702
276.841
277.068
277.039
276.81
278.7
275.14
277.679
277.665
275.143
277.694
278.698
275
278.696
275.187
275.166
275.083
275.063
276.516
276.256
275.058
275.038
275.05
275.027
275.066
275.049
274.285
274.275
276.782
276.802
276.632
276.612
276.975
276.956
278.693
275.417
275.402
275.282
275.293
275.564
275.546
278.691
275.074
275.093
275.08
275.069
275.434
275.307
275.585
275.149
275.149
275.15
275.149
275.149
275.149
275.138
275.154
275.046
275.032
275.263
275.246
275.548
278.688
278.685
278.683
275.139
278.68
274.073
275.141
275.143
278.677
278.673
275.143
275.473
275.339
278.032
278.046
278.018
278.67
275.143
273.668
273.55
273.547
273.663
278.667
275.041
275.015
278.663
275.043
278.66
274.331
274.32
275.081
278.656
274.263
275.132
275.388
275.272
278.652
274.242
274.248
278.649
275.101
275.124
275.06
273.574
273.572
273.574
278.645
275.095
274.525
277.661
277.884
277.869
277.642
277.899
277.678
276.634
276.654
278.641
276.615
278.636
275.105
278.632
274.304
273.925
276.786
277.141
277.139
276.785
277.142
276.788
278.628
273.927
278.43
278.609
278.61
278.442
278.418
278.606
278.624
274.562
274.744
274.584
274.743
274.555
274.76
278.41
278.603
278.619
273.934
273.918
278.072
278.085
278.401
278.6
278.615
275.029
275.042
275.059
275.015
278.393
278.597
278.61
275.142
275.14
275.147
278.387
278.593
278.606
277.418
278.38
278.589
278.601
273.856
273.85
273.862
278.373
278.585
278.597
275.119
275.132
278.366
278.581
278.592
273.726
273.622
273.626
273.731
273.619
273.722
278.359
278.577
278.587
277.301
275.15
275.15
275.936
275.15
275.15
275.104
278.352
278.572
278.583
275.074
275.601
275.572
273.996
273.907
275.631
273.988
273.9
273.525
273.527
273.633
273.637
278.344
278.568
278.579
273.53
273.641
276.784
276.803
276.978
276.96
276.634
276.613
278.336
278.563
278.574
275.094
275.561
277.534
277.718
278.327
278.558
278.57
276.582
276.394
276.614
276.429
276.55
277.35
273.507
273.504
273.608
273.606
278.319
278.553
278.566
275.117
275.123
273.503
273.604
278.31
278.548
278.562
275.129
275.063
276.206
276.419
276.384
276.171
276.454
276.242
275.006
275.023
274.988
274.779
274.678
273.728
273.627
273.618
273.719
273.64
273.743
274.88
278.3
278.542
278.558
275.133
278.291
278.537
278.554
275.137
275.059
278.281
278.531
278.551
278.171
278.158
275.078
278.182
278.271
278.525
278.548
274.375
274.267
275.583
274.482
278.261
278.519
278.544
274.982
274.961
275.96
275.967
275.748
275.754
276.211
276.219
278.25
278.513
278.541
275.135
275.137
275.133
275.954
275.743
276.204
275.007
274.99
275.023
278.539
274.607
274.659
275.631
275.508
278.24
278.507
278.228
278.5
274.509
274.397
275.758
278.536
274.619
277.515
277.515
277.136
277.137
277.91
277.91
277.515
277.137
277.91
278.217
278.494
275.001
278.534
274.771
278.206
278.487
274.985
278.532
278.194
278.48
275.017
278.53
275.099
275.087
275.167
275.278
275.058
278.182
278.474
278.528
278.17
278.467
278.526
274.794
274.692
278.158
278.46
274.896
278.525
278.146
278.452
278.524
278.743
275.058
275.14
277.522
277.545
278.134
278.445
275.033
277.768
277.57
277.969
278.523
273.239
274.288
277.337
277.009
278.122
278.438
274.047
274.161
274.047
274.164
278.522
274.414
274.247
278.11
278.431
278.521
278.098
278.424
278.52
275.144
278.086
278.417
278.52
273.926
273.802
278.074
278.41
278.519
278.062
278.404
278.519
278.051
278.397
278.518
278.04
278.391
275.004
278.518
275.15
275.15
275.15
275.15
275.15
275.15
277.889
278.072
278.057
277.904
278.09
275.15
275.15
275.15
278.03
278.384
275.035
273.813
273.693
273.689
273.809
278.518
273.528
273.531
278.019
278.378
278.518
274.253
278.009
278.372
278.518
278
278.367
278.518
277.991
278.362
278.518
276.228
275.994
273.332
273.419
278.606
278.475
277.983
278.357
276.782
278.518
276.597
276.307
277.975
278.352
278.518
277.967
278.348
278.518
277.96
278.344
278.002
277.985
275.121
275.135
275.121
278.518
278.021
273.799
273.8
273.892
273.893
273.704
273.705
278.519
273.799
273.892
273.703
277.954
278.34
277.948
278.337
278.519
275.121
275.132
277.943
278.333
275.33
275.33
275.252
275.25
275.15
275.15
275.33
275.248
275.149
278.52
277.938
278.331
276.858
276.682
277.036
277.519
277.52
277.518
274.736
274.843
278.52
275.143
275.141
274.244
274.234
274.627
277.934
278.328
274.254
273.685
273.564
273.567
273.689
275.656
275.63
278.521
275.138
275.682
273.533
278.153
278.143
277.93
278.326
274.965
274.538
274.547
273.536
278.163
277.276
275.15
275.15
278.522
277.927
278.324
278.523
277.924
278.322
275.103
273.514
273.511
278.524
276.825
276.853
277.921
278.321
276.798
275.595
275.615
275.742
275.721
275.494
275.474
278.525
275.108
277.919
278.319
275.208
275.102
278.526
277.917
278.318
275.529
275.673
278.528
277.915
278.317
275.853
275.992
275.968
276.459
276.459
276.173
276.173
276.783
276.782
278.53
276.46
276.784
277.914
278.317
278.532
275.121
277.913
278.316
277.912
278.315
278.534
277.301
277.327
277.275
276.996
277.182
277.553
277.547
277.175
277.559
277.19
277.911
278.315
278.536
275.132
275.136
276.796
277.15
277.147
276.793
277.154
276.8
277.911
278.315
278.539
275.139
274.956
276.817
276.99
277.911
278.315
278.541
275.054
275.835
275.869
275.803
278.314
278.544
275.144
275.145
275.166
275.057
278.314
278.548
275.277
278.314
278.551
275.569
275.541
277.911
278.315
278.554
274.929
277.911
278.315
278.558
275.003
274.981
274.983
274.957
275.023
275.005
277.516
277.516
277.137
277.137
277.911
278.315
278.562
275.139
275.136
274.269
274.347
274.205
274.287
277.912
278.315
278.566
277.264
273.929
273.93
273.808
273.812
274.048
277.913
278.316
278.57
273.703
273.604
273.605
273.704
273.703
277.914
278.317
278.574
274.188
274.569
277.42
277.447
277.915
278.317
278.579
273.804
277.917
278.318
278.583
274.972
273.932
278.109
278.097
278.121
277.919
278.319
278.588
276.122
275.972
276.154
276.004
277.921
278.321
278.592
275.04
276.312
274.97
278.597
275.006
277.924
278.322
277.927
278.324
278.601
275.333
276.643
276.476
276.507
277.519
277.518
276.817
277.52
277.93
278.326
278.606
276.968
276.949
276.675
277.934
278.328
278.61
277.938
278.331
273.515
273.51
273.612
278.615
274.971
274.97
275.028
275.061
274.907
274.906
275.053
275.025
277.943
278.333
273.826
273.815
277.994
278.19
278.205
278.011
278.181
277.977
278.619
275.15
275.724
273.807
277.948
278.337
278.059
278.624
275.15
275.075
277.989
277.973
278.004
277.954
278.34
278.628
277.137
277.137
277.96
278.344
277.138
278.632
275.008
274.932
277.967
278.348
275.141
275.145
275.147
275.145
275.14
275.133
278.637
274.94
274.834
274.927
274.822
274.95
274.843
277.975
278.352
276.647
276.613
278.641
276.681
277.982
278.357
278.645
277.991
278.362
278.649
276.173
276.459
276.459
276.173
276.458
276.172
274.152
276.546
276.58
274.358
278
278.367
278.653
274.993
278.009
278.372
278.656
275.027
278.019
278.378
278.66
276.791
277.145
277.147
276.793
278.03
278.384
278.664
275.15
275.15
275.15
275.15
275.15
278.04
278.391
274.234
273.706
273.606
273.605
273.704
273.608
273.708
278.667
276.818
276.991
278.051
278.397
275.089
274.097
274.089
273.516
273.514
276.649
278.67
273.519
278.063
278.404
278.674
274.565
277.679
277.694
278.074
278.41
277.319
276.988
277.665
278.677
275.108
275.094
275.119
278.086
278.417
274.935
274.902
278.68
275.127
273.919
278.098
278.424
278.683
275.093
275.074
273.925
277.187
277.374
277.216
278.11
278.431
278.686
276.172
275.927
275.927
276.172
275.927
278.688
275.118
275.033
278.122
278.438
278.134
278.445
278.691
278.146
278.453
275.144
274.704
274.716
274.808
278.694
278.46
277.326
277.301
273.523
273.534
278.696
274.912
274.876
278.467
278.698
278.474
276.698
276.676
277.586
277.607
277.876
277.893
276.657
276.689
277.564
277.859
278.701
278.194
278.481
278.703
274.83
274.878
278.206
278.487
274.996
278.705
278.217
278.494
274.813
274.76
274.864
278.706
274.743
278.229
278.501
274.632
274.729
276.782
276.782
276.782
278.707
274.841
274.826
278.24
278.507
277.352
277.628
278.251
278.513
277.198
276.84
277.208
273.264
273.263
278.261
278.52
273.263
276.85
277.198
277.208
276.861
277.19
276.84
278.271
278.526
274.167
273.262
278.281
278.531
278.12
277.898
273.261
274.785
274.777
274.717
274.709
274.847
274.857
278.291
278.537
273.26
278.301
278.543
274.795
274.726
274.868
273.806
273.803
273.9
273.897
273.81
273.904
273.711
273.26
274.807
274.736
274.881
278.31
278.548
274.941
274.908
273.259
278.319
278.553
275.931
275.726
275.933
275.727
276.049
273.258
274.042
273.927
274.042
274.044
273.927
278.327
278.558
273.257
274.869
274.794
274.95
278.336
278.563
273.256
278.344
278.568
274.888
274.811
274.97
274.042
273.255
278.352
278.573
273.254
278.359
278.577
273.253
278.367
278.581
275.108
273.252
273.57
273.567
278.374
278.585
273.252
278.381
278.589
273.938
273.252
278.388
278.593
273.605
273.606
273.604
273.251
278.396
278.597
275.138
273.25
275.144
278.404
278.6
273.25
275.145
275.146
278.413
278.604
273.249
275.144
278.423
278.606
274.171
274.18
277.567
277.575
277.56
273.248
275.142
278.433
278.609
276.909
277.198
277.224
276.938
277.173
276.881
274.048
273.247
275.139
278.444
278.611
273.247
278.607
278.475
273.246
274.083
273.978
273.883
273.993
274.096
273.245
273.239
275.04
277.516
277.516
278.706
273.245
275.596
273.244
274.998
275.088
275.018
275.064
274.975
273.244
275.095
275.026
275.101
275.631
275.759
275.509
273.243
274.87
273.243
274.849
274.802
275.875
276.014
277.527
277.524
277.53
273.242
274.264
274.371
273.242
274.948
274.932
273.628
273.523
273.534
273.64
273.516
273.619
273.612
273.51
273.507
273.608
273.242
275.056
275.071
273.242
274.777
274.787
274.836
274.844
274.729
274.718
273.243
274.77
274.831
274.71
275.566
273.243
277.145
277.522
273.244
274.833
274.83
275.127
273.246
274.839
273.803
273.895
273.8
273.248
274.778
274.71
276.746
277.052
276.721
277.075
276.771
273.25
273.811
273.692
273.808
273.254
274.808
274.797
274.883
275.149
275.15
275.142
275.149
275.149
273.26
274.822
274.898
275.377
275.359
275.391
273.268
273.279
274.779
273.927
273.804
273.297
275.142
273.327
274.972
277.096
277.067
273.386
274.993
275.338
275.453
275.228
273.505
274.931
275.017
274.85
276.996
276.967
273.659
274.952
275.039
274.87
277.025
273.503
273.697
274.891
273.503
275.762
273.752
274.912
276.374
276.4
273.921
274.577
274.28
275.134
276.648
274.28
273.922
274.828
274.764
273.753
275.084
275.061
277.302
277.286
274.829
274.766
273.697
274.854
273.657
276.793
275.118
275.131
275.114
275.089
276.825
273.786
273.82
276.782
276.783
273.505
273.761
273.386
275.148
275.149
275.145
273.327
273.297
277.522
277.524
273.279
274.911
274.903
275.928
273.268
274.898
277.248
277.039
273.26
273.254
276.458
276.458
273.25
273.504
273.503
273.506
273.247
274.897
273.245
274.902
275.15
275.15
273.244
274.909
273.243
274.272
273.242
274.831
274.77
274.828
274.765
273.242
275.449
275.455
275.445
273.242
273.611
274.727
273.242
274.833
274.766
274.839
274.77
274.829
274.764
273.242
273.243
274.855
275.18
275.149
274.931
274.959
277.249
273.243
275.073
275.085
277.586
277.561
273.244
275.05
273.244
277.567
273.245
275.122
277.575
278.039
273.245
275.128
273.246
275.133
275.15
275.149
275.15
275.149
275.149
273.247
275.21
275.138
273.247
275.141
273.248
275.144
275.047
275.136
273.249
276.178
276.18
273.25
275.148
275.149
274.962
273.25
273.251
273.252
275.146
274.298
274.309
273.783
273.667
273.672
273.788
274.994
273.252
275.144
277.276
277.039
273.252
275.15
276.114
273.253
276.461
273.254
273.255
277.695
277.678
273.256
273.257
274.226
274.326
274.216
274.316
273.258
273.259
273.26
273.261
273.261
276.448
276.468
276.31
276.289
273.262
274.7
274.704
274.699
275.15
275.15
275.15
275.15
275.15
275.15
277.791
277.808
277.774
273.263
275.15
275.15
275.15
273.263
273.712
273.264
277.499
277.521
273.809
273.811
277.478
278.663
278.662
274.892
278.66
278.657
274.897
274.903
278.655
274.911
278.652
274.921
278.649
274.932
276.159
276.013
276.137
275.991
276.176
276.03
277.609
276.327
278.646
273.707
278.643
273.705
273.857
273.986
273.76
278.639
274.16
278.636
275.038
275.061
278.632
275.088
277.402
277.67
277.69
277.426
277.649
277.377
276.967
274.357
274.459
278.629
275.113
275.146
278.625
278.621
275.114
275.132
278.617
275.049
277.291
277.111
277.315
277.134
273.57
278.613
273.572
275.15
275.15
275.15
277.473
277.496
278.608
276.823
276.5
276.831
276.508
276.816
276.493
278.604
277.375
277.148
277.456
277.435
277.123
277.395
278.599
278.595
275.147
275.149
275.149
275.149
278.59
278.585
278.58
278.575
276.425
276.449
276.591
276.29
276.266
278.569
275.145
275.057
273.688
277.651
277.638
278.564
278.559
278.553
278.547
274.704
276.698
278.542
278.536
275.02
274.701
276.581
276.9
276.886
276.566
276.915
276.597
278.53
273.999
273.992
273.89
273.884
277.461
277.44
275.733
275.565
274.007
273.897
278.525
278.519
274.886
274.049
278.513
278.508
278.502
278.497
275.141
275.147
275.148
275.144
278.491
278.486
274.837
274.808
278.481
278.476
277.473
277.496
277.45
278.472
278.467
274.671
278.463
278.459
278.109
277.884
278.455
274.635
278.097
277.868
275.109
275.149
275.15
275.15
275.15
278.452
277.139
275.15
278.449
278.446
273.507
274.668
274.679
273.545
275.15
275.15
278.443
273.547
278.44
277.913
278.438
273.822
274.736
275.092
275.109
273.827
278.436
274.751
275.149
275.149
278.434
274.766
275.148
275.148
275.149
275.935
275.938
275.016
275.121
278.433
278.707
274.781
274.912
278.431
273.264
273.616
278.43
278.429
278.428
278.428
278.427
278.426
275.146
275.147
278.426
275.147
278.426
277.623
277.853
277.837
277.603
278.426
275.146
275.145
278.425
275.143
275.014
274.986
275.03
278.425
278.425
275.045
275.059
278.425
273.909
274.001
278.425
273.55
273.554
275.15
275.15
278.426
274.87
278.426
274.864
274.847
278.426
274.238
278.426
274.753
278.427
278.428
277.71
277.729
278.428
274.671
277.774
277.791
278.429
277.758
275.146
276.485
278.43
277.299
278.431
278.433
274.638
278.434
278.436
278.438
277.039
276.837
278.44
278.443
278.446
274.707
275.967
275.829
275.942
275.804
275.853
275.142
275.147
278.449
275.146
275.148
278.452
277.138
278.455
274.772
273.706
273.606
278.459
274.79
277.276
278.463
274.809
277.942
277.958
277.926
277.15
277.527
277.53
277.154
278.467
274.829
278.472
278.476
275.059
278.481
278.486
278.491
275.078
278.497
275.184
278.502
275.158
278.508
275.944
276.193
276.189
275.94
276.198
275.948
278.513
275.11
275.088
278.519
278.525
277.168
278.53
275.937
275.935
278.536
274.989
274.894
274.827
278.542
274.979
276.469
276.311
278.547
274.971
278.553
275.15
278.559
275.15
273.657
273.68
273.742
278.564
273.653
273.539
273.542
273.656
274.961
274.978
274.946
278.57
278.173
278.185
278.575
274.997
275.016
278.58
275.15
275.15
274.162
274.158
278.585
273.509
278.59
275.916
278.595
275.045
275.057
278.6
275.069
277.243
277.23
278.604
275.081
277.256
278.609
275.092
278.613
278.617
275.279
275.246
275.071
278.621
278.625
275.133
278.629
275.138
275.24
278.633
275.143
278.636
275.147
278.64
275.15
278.643
275.152
278.646
275.154
278.649
275.156
273.84
273.761
278.132
278.652
275.157
278.655
275.157
278.658
276.411
278.66
276.182
276.186
277.461
277.247
277.44
277.224
278.662
278.663
275.156
275.154
273.293
273.293
275.152
274.88
277.419
277.397
273.292
275.068
274.98
276.184
276.343
276.033
273.291
273.814
273.29
273.289
275.126
273.288
275.119
277.642
277.66
278.085
278.073
273.287
275.111
273.511
275.147
275.145
273.286
275.102
274.984
273.285
275.092
273.284
275.08
273.283
275.069
273.281
276.465
276.467
273.28
276.9
277.243
277.23
276.886
273.279
273.279
273.279
275.15
273.278
274.636
274.7
273.695
273.814
273.692
273.844
273.838
273.277
273.276
273.275
277.153
277.333
274.634
273.274
274.97
274.658
274.401
273.273
274.979
273.272
274.989
273.271
275.001
276.968
273.27
273.264
277.157
273.27
278.663
275.031
275.048
273.269
275.068
273.268
275.088
273.268
275.11
274.799
274.764
277.533
273.267
275.134
273.267
275.16
273.573
274.347
273.266
275.187
277.099
277.517
273.266
275.215
273.267
273.267
275.145
273.268
273.269
273.271
275.172
275.147
273.274
275.081
276.5
276.508
276.493
276.481
276.477
276.487
277.583
277.593
273.277
275.342
273.283
275.14
275.198
273.504
273.29
275.106
273.301
274.874
275.001
273.316
275.226
275.131
273.341
273.382
273.455
275.046
277.158
277.537
277.163
273.585
275.157
273.756
273.811
273.833
273.893
274.081
274.438
275.159
274.169
274.438
274.082
273.893
273.812
273.548
273.568
273.753
273.585
273.455
275.014
273.381
274.165
273.341
273.316
273.301
278.22
278.234
278.03
278.05
273.29
273.283
274.796
273.277
274.763
273.274
273.271
273.269
273.268
274.61
273.267
273.266
273.657
273.503
273.503
273.266
273.266
274.571
273.267
273.267
273.267
274.591
273.268
274.6
277.583
277.219
277.593
273.269
274.61
273.27
273.27
275.134
273.271
274.662
273.272
274.678
273.273
274.693
273.274
274.708
274.282
274.277
274.287
274.168
274.403
273.275
273.276
273.277
273.278
275.136
273.279
275.141
273.279
275.143
273.279
275.148
273.28
275.146
275.147
275.149
273.281
275.147
277.603
273.283
273.284
275.146
275.145
273.571
273.285
275.143
273.286
275.141
273.287
273.288
273.289
274.834
273.291
277.168
275.071
275.047
277.348
273.291
275.31
274.897
273.292
275.064
273.293
273.293
274.573
275.552
274.927
274.636
274.713
274.73
274.798
275.183
274.999
275.089
275.088
274.998
275.184
274.927
275.19
275.014
277.748
275.075
275.062
275.051
275.874
275.891
275.08
275.085
275.097
275.089
275.099
275.108
273.692
273.69
275.116
273.712
273.596
273.636
273.755
278.663
273.294
275.697
275.144
275.149
275.154
275.588
275.158
275.161
274.973
275.164
275.166
275.168
275.169
274.151
275.166
275.144
275.138
275.131
275.124
275.116
275.107
274.912
275.098
275.011
274.724
274.814
277.808
277.825
275.026
274.94
275.05
274.912
275.015
275.061
275.074
275.145
275.145
275.166
275.147
275.19
275.214
275.24
275.267
275.325
275.356
275.109
275.39
275.422
275.454
275.15
275.522
275.15
273.645
273.573
273.572
274.752
274.516
274.626
274.566
274.548
274.505
274.523
277.864
277.884
277.699
277.679
278.068
274.828
274.532
274.59
274.605
274.62
274.634
274.665
274.681
274.697
275.132
275.138
275.142
275.144
275.146
275.147
275.148
273.548
275.148
275.148
275.147
273.294
274.794
276.79
275.623
277.69
277.67
277.71
274.508
277.843
277.821
274.565
274.578
274.636
274.652
275.149
274.717
274.732
275.209
275.111
275.019
275.018
275.061
275.681
274.735
275.303
275.277
275.252
275.17
275.154
277.902
277.717
278.088
275.14
275.296
275.488
275.122
275.129
275.135
275.142
275.148
275.169
275.173
275.177
275.18
275.183
277.785
278.032
278.018
277.767
278.046
277.803
275.169
274.542
275.164
275.159
275.154
275.148
275.141
275.135
274.649
275.109
275.095
275.098
275.102
275.139
275.252
275.276
275.302
275.33
275.358
275.387
275.417
275.448
275.58
275.65
275.685
274.75
274.527
274.502
274.482
274.444
274.449
274.456
274.464
274.93
274.473
274.845
274.518
274.531
274.545
274.559
274.574
275.143
275.145
275.147
275.148
275.148
274.752
274.861
274.635
274.649
275.039
274.948
275.037
275.662
275.699
275.833
275.822
275.787
275.617
275.428
275.399
275.372
275.278
275.19
275.182
275.17
275.172
275.615
275.176
275.179
275.721
275.183
275.187
275.191
275.206
275.217
275.223
275.206
275.203
275.199
275.901
275.94
275.195
275.187
275.172
275.169
275.175
275.182
275.19
275.199
275.211
275.225
275.372
275.399
275.427
275.457
275.519
275.72
275.754
275.79
275.826
275.862
274.49
274.46
274.374
274.379
274.386
274.393
274.402
274.456
274.469
275.752
275.146
275.147
275.148
275.149
275.904
275.938
274.707
275.176
274.877
274.414
274.445
273.544
277.909
277.842
274.552
277.741
277.725
273.57
277.709
273.568
273.565
278.25
278.272
274.875
278.272
278.253
278.285
278.098
277.651
274.965
277.91
275.058
277.723
277.537
275.191
277.354
275.483
275.245
275.245
275.244
277.169
277.173
275.605
276.996
275.735
276.823
276.655
276.486
276.492
277.553
276.328
276.335
277.547
275.978
276.177
276.159
276.184
277.542
275.943
276.031
276.038
277.537
275.908
275.892
275.899
277.533
275.766
275.638
275.515
275.397
275.283
275.172
275.063
275.508
274.951
274.955
274.847
274.739
275.402
274.63
274.516
274.51
274.519
274.403
274.398
274.405
275.488
277.517
274.287
274.283
274.289
275.294
274.17
275.282
274.049
275.272
273.926
273.801
273.679
273.687
273.674
273.556
273.566
273.548
275.245
277.542
273.678
273.555
273.685
273.548
273.674
273.8
275.247
273.925
275.249
274.049
275.251
274.17
274.289
274.405
277.603
274.518
277.614
275.259
274.629
277.626
274.738
274.846
275.266
274.954
275.062
275.171
277.709
275.282
277.725
275.391
275.376
275.397
277.741
275.515
277.758
275.271
275.637
275.27
275.765
275.269
275.898
277.825
276.037
276.183
276.334
275.259
276.491
275.257
276.654
277.91
275.254
276.822
277.926
276.995
277.942
277.172
277.958
277.352
277.974
277.53
277.516
277.536
277.989
277.722
278.004
275.244
277.909
275.244
278.097
278.284
278.06
275.144
275.322
278.197
275.508
278.211
275.537
278.226
275.568
278.24
275.6
275.633
275.874
275.908
276.054
275.01
274.459
274.422
274.39
275.15
274.303
274.307
274.313
274.32
274.328
274.514
275.15
274.763
274.379
274.39
275.145
275.147
275.148
275.149
275.149
275.137
274.342
274.368
274.44
274.453
274.466
274.893
274.891
274.983
275.079
275.179
275.284
275.395
275.512
275.636
275.767
276.146
276.112
276.077
275.662
275.546
275.434
278.865
278.866
278.853
278.853
278.876
278.876
275.417
278.865
278.853
278.876
275.402
278.865
278.853
278.876
275.389
278.865
278.852
278.876
278.865
278.852
278.875
278.865
278.851
278.875
276.093
278.864
278.851
278.875
275.34
278.864
278.851
278.875
275.337
278.864
278.85
278.875
278.863
278.85
278.875
278.863
278.849
278.875
275.331
278.863
278.849
278.875
278.863
278.848
278.875
278.862
278.848
278.875
278.862
278.847
278.874
278.862
278.847
278.874
278.862
278.846
278.874
278.861
278.846
278.874
278.861
278.845
278.874
278.861
278.844
278.874
278.86
278.844
278.874
278.86
278.843
278.874
278.86
278.843
278.874
278.859
278.842
278.874
275.339
278.859
278.841
278.873
275.339
278.859
278.841
278.873
275.338
278.858
278.84
278.873
275.338
278.858
278.839
278.873
278.857
278.839
278.873
278.857
278.838
278.873
278.857
278.837
278.873
275.333
278.856
278.837
278.873
275.332
278.856
278.836
278.873
275.331
278.856
278.835
278.873
278.855
278.835
278.873
278.855
278.834
278.872
278.855
278.833
278.872
278.854
278.833
278.872
275.336
278.854
278.832
278.872
275.34
278.854
278.831
278.872
278.853
278.831
278.872
278.853
278.83
278.872
278.853
278.83
278.872
278.853
278.829
278.872
278.852
278.829
278.872
278.852
278.828
278.872
278.852
278.828
278.872
275.453
278.852
278.828
278.872
278.852
278.827
278.872
278.852
278.827
278.872
278.851
278.827
278.872
278.851
278.826
278.872
275.662
278.851
278.826
278.872
275.694
278.851
278.826
278.872
275.727
278.851
278.826
278.872
275.76
278.851
278.826
278.872
275.795
278.851
278.826
278.872
278.851
278.826
278.872
278.851
278.826
278.873
275.971
278.851
278.826
278.873
276.007
278.851
278.826
278.873
276.042
278.851
278.826
278.873
276.077
278.851
278.826
278.873
278.851
278.826
278.873
278.851
278.826
278.873
278.851
278.826
278.873
276.218
276.256
278.851
278.826
278.873
276.294
278.851
278.826
278.873
278.851
278.826
278.873
278.851
278.826
278.873
278.851
278.826
278.873
278.851
278.826
278.873
278.851
278.826
278.873
278.851
278.826
278.873
278.851
278.826
278.873
278.851
278.826
278.873
278.851
278.826
278.873
278.851
278.826
278.873
278.851
278.826
278.873
278.851
278.826
278.873
278.851
278.826
278.872
274.485
274.434
278.851
278.826
278.872
274.389
278.851
278.826
278.872
274.349
278.851
278.826
278.872
274.316
278.851
278.826
278.872
278.851
278.827
278.872
274.843
274.796
278.852
278.827
278.872
278.852
278.827
278.872
278.852
278.827
278.872
278.852
278.828
278.872
278.852
278.828
278.872
274.228
274.225
274.232
278.852
278.828
278.872
274.238
278.852
278.829
278.872
274.245
278.853
278.829
278.872
274.252
278.853
278.83
278.872
278.853
278.83
278.872
278.853
278.831
278.872
278.854
278.832
278.872
278.854
278.832
278.872
278.854
278.833
278.872
278.855
278.833
278.873
278.855
278.834
278.873
278.855
278.835
278.873
278.856
278.835
278.873
274.412
278.856
278.836
278.873
278.857
278.837
278.873
278.857
278.837
278.873
274.422
278.857
278.838
278.873
278.858
278.839
278.873
278.858
278.84
278.873
278.858
278.84
278.873
278.859
278.841
278.874
275.146
278.859
278.842
278.874
275.147
278.859
278.842
278.874
275.148
278.86
278.843
278.874
275.149
278.86
278.843
278.874
275.149
278.86
278.844
278.874
275.149
278.861
278.845
278.874
278.861
278.845
278.874
278.861
278.846
278.874
278.862
278.846
278.875
275.139
278.862
278.847
278.875
278.862
278.847
278.875
278.863
278.848
278.875
278.863
278.849
278.875
278.863
278.849
278.875
278.863
278.849
278.875
278.864
278.85
278.875
278.864
278.85
278.875
274.267
278.864
278.851
278.875
278.865
278.851
278.876
278.865
278.852
278.876
278.865
278.852
278.876
278.865
278.852
278.876
278.865
278.853
278.876
278.866
278.853
278.876
278.866
278.853
278.876
275.334
278.866
278.854
278.876
273.157
273.157
273.165
273.165
273.15
273.15
274.289
273.157
273.165
273.15
273.157
273.165
273.15
274.31
273.157
273.165
273.15
273.157
273.165
273.15
274.354
273.157
273.165
273.15
273.157
273.164
273.15
273.157
273.164
273.15
273.156
273.164
273.15
273.156
273.164
273.15
273.156
273.164
273.15
273.156
273.164
273.15
273.156
273.164
273.15
273.156
273.164
273.15
273.156
273.163
273.15
273.156
273.164
273.15
273.156
273.163
273.15
273.156
273.163
273.15
273.156
273.163
273.15
273.156
273.163
273.15
273.156
273.163
273.15
273.156
273.163
273.15
273.156
273.163
273.15
274.908
273.156
273.163
273.15
275.003
273.156
273.163
273.15
275.101
278.865
278.852
273.156
273.163
273.15
273.156
273.163
273.15
273.156
273.162
273.15
273.156
273.162
273.15
275.541
273.156
273.162
273.15
275.666
273.156
273.162
273.15
275.8
273.156
273.162
273.15
273.156
273.162
273.15
273.156
273.162
273.15
273.156
273.162
273.15
276.461
273.156
273.162
273.15
273.156
273.162
273.15
273.156
273.163
273.15
276.326
273.156
273.163
273.15
273.156
273.163
273.15
273.156
273.163
273.15
273.156
273.164
273.15
273.157
273.165
273.15
273.157
273.166
273.15
273.158
273.168
273.15
273.159
273.171
273.15
273.161
273.175
273.15
273.17
273.198
273.15
273.2
273.243
273.15
273.187
273.232
273.15
275.711
273.187
273.232
273.15
273.202
273.265
273.15
273.257
273.375
273.15
275.585
273.257
273.202
273.375
273.265
273.15
273.15
275.565
273.187
273.232
273.15
275.546
273.187
273.232
273.15
275.53
273.2
273.243
273.15
273.17
273.198
273.15
273.161
273.175
273.15
273.159
273.171
273.15
275.462
273.158
273.168
273.15
275.455
273.157
273.166
273.15
275.45
273.157
273.165
273.15
273.156
273.164
273.15
273.156
273.163
273.15
275.437
273.156
273.163
273.15
273.156
273.163
273.15
273.156
273.163
273.15
273.156
273.162
273.15
273.156
273.162
273.15
273.156
273.162
273.15
273.156
273.162
273.15
273.156
273.162
273.15
273.156
273.162
273.15
273.156
273.162
273.15
273.156
273.162
273.15
273.156
273.162
273.15
274.223
273.156
273.162
273.15
273.156
273.162
273.15
275.434
273.156
273.163
273.15
275.434
273.156
273.163
273.15
273.156
273.163
273.15
273.156
273.163
273.15
273.156
273.163
273.15
273.156
273.163
273.15
273.156
273.163
273.15
275.433
273.156
273.163
273.15
275.433
273.156
273.163
273.15
275.434
273.156
273.163
273.15
273.156
273.164
273.15
273.156
273.163
273.15
275.441
273.156
273.164
273.15
273.156
273.164
273.15
273.156
273.164
273.15
273.156
273.164
273.15
275.461
273.156
273.164
273.15
273.156
273.164
273.15
273.157
273.164
273.15
273.157
273.164
273.15
273.157
273.165
273.15
273.157
273.165
273.15
275.607
273.157
273.165
273.15
273.157
273.165
273.15
273.157
273.165
273.15
275.71
273.157
273.165
273.15
275.74
273.157
273.165
273.15
275.771
278.839
278.838
278.838
278.837
278.837
278.836
275.974
278.836
276.01
278.835
276.046
278.835
276.081
278.834
276.117
278.833
276.153
278.832
276.189
278.832
276.224
278.831
276.259
278.83
278.829
278.829
278.828
278.827
276.465
278.826
278.825
278.824
278.823
278.822
274.299
278.821
278.82
278.819
278.818
274.417
274.362
278.817
274.314
278.816
274.273
278.815
274.239
278.814
278.813
278.812
278.811
278.81
278.809
278.808
274.154
274.15
278.807
274.159
278.806
274.165
278.805
274.172
278.804
278.803
278.802
278.801
274.205
278.8
278.8
278.799
278.798
274.264
278.798
278.797
278.797
278.797
278.796
278.796
278.796
278.795
278.865
278.853
278.795
273.157
273.165
278.795
278.795
275.147
278.795
275.148
278.795
275.149
278.795
275.149
278.795
275.149
278.795
275.149
278.795
278.795
278.795
278.795
275.141
278.794
278.795
278.795
278.795
278.795
278.795
278.795
278.795
278.795
274.189
278.795
274.174
278.795
274.162
278.795
278.795
278.795
278.796
278.796
278.796
278.797
278.797
278.798
278.798
274.224
278.799
278.799
278.8
274.265
278.801
274.551
278.801
278.802
278.803
278.804
278.805
278.806
278.807
278.808
276.447
278.809
278.81
278.811
278.812
278.813
278.814
278.815
278.816
278.817
275.15
275.15
278.818
275.15
275.15
278.819
278.82
278.821
278.822
278.823
274.926
278.824
275.023
278.825
275.123
278.826
278.827
278.828
278.829
275.568
278.83
275.696
278.83
275.831
278.831
278.832
278.833
278.833
278.834
276.644
278.835
278.835
278.836
276.518
278.837
278.837
278.838
278.838
278.839
278.839
276.171
273.175
273.175
276.135
273.175
273.175
273.174
273.174
273.174
273.174
275.899
273.174
273.174
273.173
273.173
273.173
275.739
273.173
275.718
273.172
275.698
273.172
275.68
273.172
275.664
273.172
273.172
273.172
275.613
273.172
275.604
273.172
275.596
273.171
273.171
273.171
275.575
273.171
273.157
273.165
275.571
273.171
278.838
275.569
273.171
273.171
273.17
273.17
273.17
273.17
273.17
273.17
275.561
273.17
275.561
273.17
274.786
275.561
273.171
275.56
273.171
275.56
273.171
275.561
273.172
273.172
273.173
273.175
273.177
273.18
273.185
275.566
273.193
275.568
273.231
273.293
273.285
273.286
273.338
273.505
275.613
273.505
273.339
275.623
273.287
275.635
273.286
273.293
273.231
275.698
273.193
273.185
273.18
275.786
273.177
275.812
273.175
275.84
273.173
275.869
273.172
275.899
273.172
275.93
273.171
275.962
273.171
273.171
273.17
273.17
273.17
273.17
273.17
273.17
276.278
273.17
276.314
273.17
273.171
273.171
273.171
276.452
273.171
276.485
273.171
276.518
273.171
273.171
273.172
273.172
276.648
273.172
273.172
273.172
273.172
273.172
273.172
273.173
273.173
273.173
273.173
274.411
273.174
274.344
273.174
274.286
273.174
274.235
273.174
273.174
273.174
273.175
273.175
273.175
274.068
273.175
278.821
278.82
274.068
278.82
274.072
278.819
274.077
278.819
274.082
278.818
274.088
278.817
278.816
278.815
278.814
278.813
278.812
278.811
278.81
278.809
278.808
274.189
278.807
274.198
278.806
274.207
278.804
278.803
278.802
278.801
278.799
278.798
278.796
275.132
278.795
278.794
278.792
278.791
278.789
275.149
278.787
275.149
278.786
275.15
278.784
275.15
278.783
278.781
278.78
278.778
278.777
278.775
275.143
278.774
278.773
274.108
274.092
274.559
274.081
274.073
274.068
274.089
278.838
273.175
274.135
274.171
276.48
274.556
274.944
275.043
275.145
275.86
276.72
276.384
276.349
275.15
275.15
275.897
275.877
275.858
275.777
275.768
275.76
275.739
275.736
275.724
275.724
275.724
275.724
275.724
275.724
275.735
275.739
275.798
275.811
276.961
275.825
275.897
273.175
278.82
275.993
276.021
276.05
276.08
276.111
276.143
276.176
276.72
276.839
274.339
274.266
274.204
274.151
273.983
273.983
273.986
273.99
273.995
274
274.15
274.089
274.098
275.126
275.136
275.145
274.15
274.022
274.007
273.996
273.988
273.983
273.983
274.042
274.074
274.081
274.122
276.511
275.622
274.568
274.566
274.963
275.888
277.148
276.81
276.681
276.647
276.613
276.127
275.994
275.984
275.975
275.949
275.944
275.941
275.928
275.927
275.927
276.019
276.033
276.049
276.127
276.227
276.256
276.285
276.315
276.347
276.379
276.411
276.931
274.261
274.183
274.117
274.062
273.894
273.896
273.9
273.932
273.986
273.993
274.04
275.12
275.132
275.14
275.146
274.061
273.933
273.918
273.907
273.9
273.895
273.894
273.945
273.972
273.979
273.986
276.54
275.187
274.579
274.475
274.577
274.981
276.536
277.342
276.919
276.888
276.857
276.729
276.387
276.249
276.238
276.228
276.199
276.193
276.189
276.182
276.185
274.153
276.204
276.211
276.275
276.29
276.307
276.387
276.488
276.516
276.544
276.666
276.857
275.15
275.15
277.149
275.15
275.15
275.15
275.15
275.149
275.15
275.15
275.15
275.15
275.15
275.15
275.15
275.15
275.15
275.15
275.15
275.15
275.15
275.15
275.15
274.176
275.15
275.15
274.092
275.15
275.15
275.15
275.15
275.15
275.15
275.15
275.15
275.15
275.15
275.15
273.799
273.799
275.15
275.137
275.15
273.801
273.803
275.124
275.15
275.095
275.15
273.806
273.833
273.838
273.926
275.143
275.148
273.966
273.84
273.825
273.815
273.808
273.803
273.801
273.867
273.873
273.879
276.567
275.431
275.317
275.208
274.795
274.692
274.587
274.998
276.563
277.541
277.168
277.14
277.112
276.581
276.566
276.552
276.539
276.528
276.518
276.487
276.482
276.477
276.473
276.47
276.47
276.473
276.517
274.156
276.798
276.825
276.938
277.055
277.083
277.112
277.223
277.25
277.374
273.735
273.793
273.799
273.804
273.864
273.728
273.719
273.712
273.707
273.764
273.769
273.773
273.778
273.783
277.632
275.12
275.227
275.338
275.452
275.572
276.588
276.758
276.932
277.8
277.78
277.76
277.25
276.873
276.831
276.823
276.816
276.81
276.805
276.801
276.797
276.805
276.81
276.932
274.797
277.658
277.099
277.123
277.224
277.327
277.352
277.377
277.474
277.497
277.519
277.541
277.562
277.583
273.629
273.676
273.68
273.685
273.812
273.66
276.138
275.358
277.542
277.415
277.395
277.302
277.219
277.182
277.175
277.168
277.163
277.158
277.271
277.415
277.435
277.456
277.478
277.499
277.521
277.628
277.649
277.729
277.748
277.82
273.688
273.522
273.533
273.557
273.56
273.564
275.149
275.15
273.689
273.504
273.516
