0.794875
0.781711
0.754817
0.742974
0.825158
0.810985
0.788899
0.790365
0.804711
0.802045
0.771006
0.770751
0.766735
0.729369
0.794962
0.809727
0.813572
0.749968
0.714019
0.777105
0.816499
0.811526
0.807077
0.81313
0.711206
0.689335
0.678228
0.657902
0.736052
0.712973
0.803344
0.796219
0.77889
0.787111
0.764268
0.755194
0.725096
0.735073
0.700232
0.689312
0.647463
0.658997
0.529232
0.498832
0.478692
0.507482
0.545171
0.513492
0.467687
0.449133
0.481094
0.63612
0.678405
0.361395
0.391276
0.366526
0.398081
0.341876
0.372166
0.435388
0.418373
0.447598
0.40263
0.38705
0.413733
-0.134305
-0.0900003
-0.16001
-0.109551
-0.115865
-0.0787916
0.36988
0.355795
0.379833
-0.608003
-0.595342
-0.554329
-0.542441
-0.64363
-0.655838
-0.309263
-0.272773
-0.329602
-0.296775
-0.278511
-0.238764
-0.176039
-0.205184
0.336892
0.324294
0.345708
-0.329877
-0.371878
-0.390092
-0.354464
-0.345338
-0.296994
-0.39708
-0.365553
-0.259156
-0.313445
-0.279659
-0.221392
0.0679583
0.0340012
0.0328304
0.0656146
0.0695206
0.0347807
-0.186467
-0.246627
-0.217119
-0.156697
3.96E-05
3.62E-05
4.30E-05
-0.132585
-0.191896
-0.113929
-0.171537
-0.135757
-0.169655
-0.131033
-0.163707
-0.138924
-0.173664
-0.10027
-0.155756
-0.144046
-0.0907526
-0.203504
-0.196305
-0.208387
-0.23728
-0.228798
-0.243072
-0.0846153
-0.13584
-0.130624
-0.0813287
-0.27095
-0.261148
-0.277693
-0.0803725
-0.127946
-0.127369
-0.081296
-0.337791
-0.370847
-0.325233
-0.356849
-0.346571
-0.380717
-0.403565
-0.388086
-0.414571
-0.0838118
-0.128583
-0.131275
-0.0876057
-0.0925017
-0.135244
-0.0982946
-0.140259
-0.467637
-0.498787
-0.449085
-0.47865
-0.481042
-0.513445
-0.529197
-0.50745
-0.545135
-0.104867
-0.146206
-0.152903
-0.112081
-0.55875
-0.535379
-0.575984
-0.58732
-0.562318
-0.605857
-0.119856
-0.160271
-0.128091
-0.168178
-0.614778
-0.588144
-0.634619
-0.641008
-0.612753
-0.662139
-0.136735
-0.176583
-0.1457
-0.185367
-0.665893
-0.636035
-0.688291
-0.154963
-0.194509
-0.203914
-0.164439
-0.689316
-0.657883
-0.712955
-0.711187
-0.678208
-0.736033
-0.174123
-0.213561
-0.223377
-0.183935
-0.731422
-0.696936
-0.757435
-0.193882
-0.233349
-0.243451
-0.203934
-0.632655
-0.583876
-0.76671
-0.781682
-0.729343
-0.742944
-0.794937
-0.810956
-0.794841
-0.754782
-0.825124
-0.213945
-0.253545
-0.806189
-0.764857
-0.837451
-0.233986
-0.273762
-0.263634
-0.223905
-0.283654
-0.243781
-0.815744
-0.773186
-0.847957
-0.253708
-0.293689
-0.303953
-0.26385
-0.836887
-0.838221
-0.789879
-0.790211
-0.872701
-0.874907
-0.273863
-0.314087
-0.323573
-0.283825
-0.838131
-0.789163
-0.875677
-0.836705
-0.786826
-0.8751
-0.293191
-0.332881
-0.340864
-0.301507
-0.834036
-0.783293
-0.873269
-0.309915
-0.348641
-0.35655
-0.317918
-0.825354
-0.819534
-0.773034
-0.766505
-0.866217
-0.861183
-0.0196884
-0.0443785
-0.0475255
-0.0280765
-0.0425826
-0.0100443
-0.812857
-0.759175
-0.855269
-0.0340751
-0.0498607
-0.0505767
-0.0374312
-0.797313
-0.788626
-0.742493
-0.733324
-0.841164
-0.833147
-0.0383171
-0.0494646
-0.779443
-0.72372
-0.824595
-0.0465303
-0.0370861
-0.0342209
-0.0421792
-0.0366762
-0.0300971
-0.025037
-0.0302842
-0.739278
-0.72872
-0.682467
-0.671781
-0.786506
-0.776348
-0.0232302
-0.0192977
-0.718075
-0.661061
-0.766053
-0.0130907
-0.015713
-0.00790135
-0.0065917
-0.707394
-0.650357
-0.755676
4.95E-05
5.39E-05
-0.696723
-0.63971
-0.745261
0.00801022
0.00669193
-0.686104
-0.62916
-0.734855
0.0131949
0.0158255
0.0481937
0.0268638
0.0338699
0.0506177
0.0172255
0.0453955
-0.67557
-0.618735
-0.724492
0.0233483
0.0194082
0.0251563
0.0304107
0.03681
0.0302259
-0.654268
-0.643235
-0.598383
-0.587867
-0.702757
-0.691513
0.0344206
0.0423916
-0.631885
-0.577133
-0.679505
0.0469107
0.0373362
0.0385892
0.0499562
0.0376538
0.0512747
0.391551
0.35576
0.69161
0.721562
0.694739
0.723564
0.68833
0.719425
0.331541
0.373463
0.748127
0.748964
0.747174
0.29763
0.346015
0.258863
0.312996
0.278171
0.219868
0.787358
0.799326
0.184456
0.244606
0.215111
0.154831
0.805861
0.131087
0.19028
0.170577
0.113092
0.806573
0.0998417
0.155048
0.801117
0.355496
0.394196
0.40146
0.362748
0.348259
0.387161
0.143592
0.0904673
0.0846183
0.135694
0.0813489
0.130592
0.715291
0.0804197
0.128072
0.127505
0.0814747
0.0841257
0.128772
0.0927215
0.135589
0.140632
0.0986515
0.0879371
0.131579
0
0.169761
0
0.105753
0.21814
0
0.105269
0.146622
0
0.061584
0.11248
0.153352
0
0.035377
0
0.0188445
-0.286704
-0.318042
0.12015
0.160722
0.168612
0.12849
0
0.0086781
0.13718
0.177042
0
0.00227142
0.185839
0.146164
-0.203377
-0.162894
0
-0.00153458
-0.127484
0.15541
0.194958
0.204356
0.164828
0
-0.00370668
-0.0989472
0.174502
0.213873
0
-0.00479293
-0.0769251
0.223781
0.184264
0
-0.00515813
-0.0613225
0.194102
0.233702
0.24366
0.204057
0
-0.00503018
-0.0504187
0.213997
0.25358
0
-0.00456749
-0.043654
0.263725
0.224034
-0.224465
-0.231572
-0.290747
-0.29686
-0.167435
-0.153021
0
-0.00387313
-0.0398806
0.233964
0.273658
-0.355555
-0.360867
0
-0.00302117
-0.0386388
-0.417653
-0.422594
0
-0.00206118
-0.0394048
-0.47634
-0.481047
0.254154
0.294149
0.304312
0.264181
0.243985
0.283845
0
-0.00104102
-0.531128
-0.53575
0.274214
0.313967
0.323127
0.283597
0
9.75E-06
-0.581494
-0.586227
-0.0454258
-0.0501451
0
0.00106095
-0.0557601
0.292545
0.331735
0.340082
0.301057
-0.626873
-0.631581
0
0.0020822
0.309091
-0.0620972
-0.666815
-0.671432
0
0.0030439
-0.0690669
-0.701062
-0.705507
0
0.00389821
-0.0765581
-0.686435
-0.676339
-0.729439
-0.733632
0
0.00459527
-0.0844834
-0.713788
-0.723322
-0.751861
-0.755722
0
0.00506044
-0.092786
-0.753832
-0.745177
-0.768324
-0.771776
0
0.0051899
-0.10142
-0.770219
-0.778053
-0.778894
-0.781873
0
0.00482183
-0.1103
-0.795697
-0.788819
-0.783759
-0.786198
0
0.00372101
-0.119434
-0.783174
-0.785001
-0.800774
-0.806732
-0.811238
-0.806287
0
0.0015025
-0.77741
-0.778583
0
-0.00246344
-0.805629
-0.809494
-0.801865
-0.799148
-0.76678
-0.767292
-0.138186
-0.147734
0
-0.0091733
-0.157399
-0.787235
-0.788772
-0.770676
-0.770331
-0.751671
-0.751518
0
-0.0201849
-0.748946
-0.748102
-0.167077
-0.732497
-0.731698
0
-0.0381479
-0.176823
-0.721587
-0.723598
-0.709667
-0.708276
0
-0.0665015
-0.694823
-0.691685
-0.658947
-0.663155
-0.186458
-0.683628
-0.681695
0
-0.11094
-0.196166
-0.629108
-0.623901
-0.654817
-0.65239
0
-0.165897
-0.587039
-0.593165
-0.205609
-0.623639
-0.620766
-0.215183
-0.556162
-0.549344
-0.590461
-0.587199
0
-0.214574
-0.511088
-0.518161
-0.224953
-0.555602
-0.552013
-0.234592
-0.479757
-0.472602
-0.433811
-0.441189
-0.519323
-0.515476
-0.402584
-0.395065
-0.481826
-0.477794
-0.443248
-0.439105
0.330208
0.334517
0.557334
0.61113
0.622277
0.568041
0.600198
0.54667
-0.403755
-0.3995
0.578452
0.633375
-0.363383
-0.359408
-0.000379864
-0.0128781
0.644739
0.589016
-0.321982
-0.318265
-0.0214844
0.598866
0.655382
-0.279295
-0.276263
-0.0266195
0.665616
0.608923
-0.234846
-0.232631
-0.0288736
0.619165
0.676003
0.686514
0.629377
-0.188069
-0.187063
-0.134555
-0.140377
0.639263
0.69634
0.706823
0.649708
-0.0240968
-0.0270964
0.661017
0.71808
-0.0201854
0.729041
0.672099
0.682766
0.73958
-0.0106291
-0.00535838
0.749979
0.69335
4.36E-05
0.703786
0.760172
0.770095
0.714012
0.00544682
0.723957
0.779679
0.0107215
0.788846
0.733546
0.7427
0.797519
0.805612
0.751333
0.0202927
0.0242157
0.759355
0.813036
0.0272274
0.819699
0.766672
0.773188
0.825506
0.83036
0.778804
0.0290349
0.0266437
0.783422
0.834164
0.836821
0.786943
0.0209291
0.0108931
0.789268
0.838236
0.838315
0.790305
0.789963
0.83697
0.319462
0.834119
0.788158
0.288105
0.784812
0.829683
0.823594
0.779857
0.247463
0.773234
0.815792
0.203457
0.316814
0.323666
0.806229
0.764898
-0.620392
-0.565765
0.0759441
0.0606353
0.050188
0.696956
0.731442
0.0435161
0.0398926
0.0387481
0.636055
0.665913
0.0395949
0.0420178
0.562344
0.587347
0.535409
0.558781
0.614802
0.588167
0.0456891
0.0504072
0.0560046
0.588371
0.0624584
0.069383
0.0769379
0.0848236
0.304099
0.292941
0.0931461
0.101863
-0.033922
-0.0327582
0.119707
0.129069
-0.0655427
-0.0678795
-0.0983058
-0.101827
0.138486
0.157542
0.167256
0.176876
0.186572
0.196023
-0.304471
-0.293311
-0.363935
-0.325252
-0.33251
-0.37121
0.205595
0.215478
-0.43586
-0.418861
0.2533
0.261597
0.270011
0.277785
-0.622505
-0.666343
-0.704545
-0.736706
-0.762659
-0.749946
-0.713997
-0.785622
-0.769892
-0.749674
-0.697807
-0.667194
-0.823539
-0.779801
-0.634131
-0.784747
-0.82962
-0.834045
-0.788084
-0.599089
-0.5625
-0.486686
-0.44847
-0.409785
-0.83022
-0.778663
0.497408
0.507277
-0.805419
-0.751139
0.516856
0.525981
0.535345
-0.769844
-0.713759
-0.703518
-0.759903
-0.749693
-0.693065
0.574396
0.584246
0.595211
0.606011
0.616489
-0.665163
-0.608474
0.637309
0.647532
0.657545
0
-0.0037778
-0.00350967
0
-0.00407995
0.676644
0.685571
0
-0.00420968
0
-0.00433319
0
-0.00442158
0.693966
0
-0.00451936
0.432904
0.440449
0
-0.00460937
0
-0.00470909
0
-0.00481013
0.479096
0.471941
0.510468
0.517547
0
-0.00491792
0.18755
0.186471
0.234265
0.231858
0.139948
0.134202
0
-0.00502934
0
-0.00514642
0.555537
0.549139
0.592956
0.586839
0
-0.00526813
0.278754
0.27563
0
-0.0053952
0
-0.00552728
0
-0.00566459
0.321477
0.317744
0
-0.00580696
0.727876
0.729872
0.628932
0.623731
0.658822
0.663023
0
-0.00595437
0
-0.00610661
0.362897
0.35885
0
-0.00626348
0.730572
0
-0.00642461
-0.530671
0
-0.00658959
0.403299
0.39902
0
-0.00675791
0
-0.00692892
0
-0.0071019
0.442832
0.438685
0
-0.00727597
0.727747
0.724074
0.770402
0
-0.00745014
0
-0.00762329
0.481445
0.477414
0
-0.00779417
0.718813
0
-0.00796139
0
-0.00812343
0.518973
0.515128
0
-0.00827867
0
-0.00842536
0
-0.0085617
0.555281
0.551695
0
-0.00868578
0.703348
0.69309
0
-0.00879569
0
-0.00888952
0.590172
0.586913
0
-0.00896526
0.681141
0
-0.00902073
0
-0.00905463
0.623386
0.620516
0
-0.00906549
0.667512
0.789348
0
-0.00905121
0
-0.00901085
-0.101063
-0.1021
0.654603
0.652179
0
-0.00894377
0.652231
0.771036
0.746265
0
-0.00884896
0
-0.00872587
0.683457
0.681528
0
-0.00857447
0.635343
0
-0.00839496
0
-0.00818789
0.709544
0.708157
0
-0.00795406
0.616904
0
-0.00769456
0
-0.00741071
0.732425
0.73163
0
-0.00710401
0.596987
0
-0.00677614
0
-0.00642887
0.75165
0.751501
0
-0.00606402
0
-0.00568348
0
-0.00528903
0.766812
0.767329
0
-0.0048825
0.529238
0.504317
0
-0.0044655
0
-0.0040397
0.777493
0.778673
0
-0.0036064
0
-0.00316711
0.309011
0
-0.00272265
0.783309
0.785143
0
-0.00227416
0.451619
0.424052
0
-0.00182223
0
-0.00136802
0.783945
0.78639
0
-0.000912727
0.395281
0
-0.000455929
0
3.94E-07
0.779129
0.782115
0
0.000456716
0.365806
0
0.00091351
0
0.00136879
0.768607
0.772069
0
0.00182299
0.336481
0
0.0022749
0
0.00272335
0.752192
0.756064
0
0.00316775
0.30689
0
0.00360699
0
0.00404025
-0.246612
0.72982
0.734026
0
0.00446624
0
0.00488349
-0.0896394
-0.0939851
0
0.00528989
-0.333328
0.701495
0.705956
0
0.00568406
0.0311617
3.26E-05
0
0.00606446
0
0.00642923
0.0937823
0.0894623
0.667308
0.671949
0
0.00677646
0
0.0071043
0
0.00741097
0.627438
0.632189
0
0.0076948
-0.0622113
-0.0932957
0
0.00795429
0
0.00818813
0.582262
0.586971
0
0.00839523
-0.12433
0
0.00857479
0
0.00872626
0.532219
0.537173
0
0.00884942
-0.155293
0
0.00894433
0
0.00901151
0.477715
0.482659
0
0.00905199
-0.186158
0
0.0090664
0
0.00905567
0.419177
0.42459
0
0.00902191
-0.216892
0
0.00896658
0
0.008891
0.357061
0.362966
0
0.00879731
-0.247454
0
0.00868754
0
0.00856362
0.291969
0.298283
0
0.00842745
0
0.00828093
0
0.00812589
0.22534
0.232836
0
0.00796406
-0.307869
-0.337603
-0.0417575
0
0.00779704
0
0.00762634
-0.286309
-0.29311
0.153669
0.168704
0
0.00745335
-0.366923
0
0.00727933
0
0.00710541
0.102304
0.101311
0
0.00693259
0
0.00676173
0
0.00659358
0
0.00642876
-0.424008
-0.451582
0
0.0062678
0
0.00611111
0
0.00595905
-0.478374
0
0.00581182
0
0.00566964
0
0.00553253
-0.50429
0
0.0054007
0
0.00527391
0
0.00515253
-0.529214
0
0.0050358
0
0.00492477
0
0.00481741
-0.553035
0
0.0047169
0
0.00461764
0
0.00452837
-0.575652
0
0.00443117
0
0.00434336
0
0.00421914
-0.596968
0
0.00408775
0
0.00377813
0.00350284
-0.616886
-0.635324
-0.12873
-0.652211
-0.681115
-0.69306
-0.703312
-0.711874
-0.572946
-0.718765
-0.729778
-0.730488
-0.727771
-0.244211
-0.724557
-0.720233
-0.253679
-0.262327
0
0.246676
-0.270518
-0.278859
-0.708643
-0.701575
-0.693789
0.0157845
-0.67644
-0.667057
-0.657313
-0.0288366
-0.616199
-0.605704
-0.595228
-0.0156277
-0.247183
0
-0.534877
-0.525489
-0.515691
0.0157264
-0.494145
-0.483904
0.0290147
0.562252
0.598871
0.633948
-0.00416653
0.697714
0.72543
0.749684
0.78574
0.796553
0.161643
0.801977
0.801639
0.126039
0.0975584
0.795205
0.408962
0.370098
0.763305
0.737708
0.706107
-0.00777062
-0.00833128
0.668011
0.625144
-0.281152
-0.301036
-0.242242
0.110682
-0.0713937
-0.0457592
-0.0275922
0.148039
-0.0157253
0
0.0014426
0
-0.00633276
0
0.0058094
0
0.00377216
-0.00828486
0
0.00375332
0
0.00320745
0
0.00297102
0
0.00265765
-0.00444845
0
0.00244803
0
0.00223377
-0.00312175
0
0.00205268
0
0.00188235
0
0.00172624
0
0.00157463
-0.00385823
0
0.00142912
0
0.00128634
-0.00618347
0
0.00114645
0
0.00100744
0
0.000869083
0
0.000730745
0
0.000592247
0.225218
0
0.000453284
0
0.000313974
0
0.000174194
-0.0143063
-0.0196725
0
3.35E-05
-0.025713
0
-0.000107948
0.234922
0.24445
0
-0.000249154
0
-0.000390135
0
-0.000531217
-0.032298
0
-0.000672453
0
-0.000813561
-0.0393595
0
-0.000954355
0
-0.00109458
0
-0.00123374
0.284762
0
-0.00134778
-0.0468611
0
-0.00148691
0
-0.00162513
-0.0546003
0
-0.0017622
0
-0.00189819
0
-0.00203343
0
-0.00216795
-0.0626702
0
-0.00230297
0
-0.00243738
-0.0709926
0
-0.00257608
0
-0.00271575
0
-0.00287024
0
-0.00302283
-0.0794935
0
-0.00320832
0
-0.00338824
-0.088202
0
-0.00369171
-0.00393553
-0.782025
0.0320495
0.0118803
-0.105963
-0.11496
-0.124055
-0.794867
-0.801357
-0.80175
-0.79638
-0.142271
-0.151299
-0.160351
-0.725472
-0.169179
-0.178115
-0.187279
-0.19623
-0.524733
-0.214068
-0.222918
-0.231086
0.302535
0.297787
-0.00266556
0.487442
-0.0123973
-0.0182422
-0.0210878
0.544935
-0.0186256
-0.0156929
0.554732
0.564724
-0.0121939
-0.00831194
-0.00419371
3.63E-05
0.00838922
0.012277
0.626942
0.0157839
0.667274
0.0212098
0.0182208
0.0118744
0.70174
0.000776384
0.708795
0.715035
0.282928
0.720361
0.724674
0.243557
0.194862
0.146862
0.72989
0.104133
0
-0.000770272
-0.519261
0.0703849
0.711916
0.0271278
0.0153629
0.00817493
0.00440877
0.00323587
0.00401834
0.00637385
0.00999952
0.0145201
0.575672
0.612773
0.0199074
0.025957
0.553056
0.0326335
0.478403
0.0396481
0.0471511
-0.339278
-0.378162
0.0549194
0.071226
0.0798221
0.0884147
0
0.00368508
0.00392838
0
0.00338211
0.0972367
0.277404
0
0.0032025
0
0.00301749
0
0.00286539
0.106151
0.00833287
0.00775731
0
0.00271152
0
0.00257245
-0.230583
-0.261019
-0.192796
0
0.00243432
0.115163
0
0.0023004
0
0.00216585
0
0.00203174
0.124201
0
0.00189684
0
0.00176113
0
0.00162432
0.1333
0
0.00148634
0
0.00134739
0
0.00123354
0.142319
0.0622762
0
0.00109457
0
0.000954506
0
0.000813857
0.151389
-0.0310966
0
0.000672858
0
0.000531694
0
0.000390638
0.160223
0
0.000249801
0
0.000108846
0
-3.26E-05
0.169156
0
-0.000173281
0
-0.000313034
0
-0.000452307
0.178296
0
-0.000591216
0
-0.000729717
0
-0.000868073
0.187335
0
-0.00100642
0
-0.00114546
0
-0.00128536
0.196404
0
-0.00142814
0
-0.00157362
0
-0.00172511
0
-0.00188107
0
-0.00205125
0
-0.00223205
0.230111
0.238074
-0.277798
0
-0.00244623
0
-0.00265556
0
-0.00296878
0
-0.00320394
0
-0.00374902
0
-0.00376492
-0.509238
-0.563119
0
-0.00581123
0
-0.00141787
0.00638039
0
-0.612638
0
0.000772153
-0.395752
-0.65705
-0.695826
-0.728756
-0.755293
-0.775386
-0.789074
-0.700614
-0.671029
-0.667489
-0.638927
-0.604762
-0.568952
-0.494234
-0.455812
-0.417058
-0.00809104
-0.00860426
-0.724018
-0.727682
-0.729816
0
-0.0010891
0.00858859
0.00807644
0
-0.00148205
0
-0.0242262
0
0.431589
0.440226
0.448333
0.456685
-0.714895
0.465279
0.483158
0.492418
-0.68538
0.501874
0.510682
0.521244
-0.647286
0.531101
-0.637048
-0.626666
0.541029
0.560921
0.570778
-0.584818
0.580497
-0.574508
-0.564336
-0.554324
-0.544503
0
0.0242074
0
0
0.00147206
0
0.00109046
0.616597
0.624531
0.631853
-0.504922
0.644288
0.649209
-0.472315
0.653138
0.655981
0.657649
0.447872
0.486258
0.524465
0.657122
0.654778
0.650964
0.64563
0.638736
0.667053
0.330651
0.63026
0.620194
0.769956
0.595335
0.580599
0.564386
0.546758
0.527791
0.782423
-0.0520042
0
0
0.051952
-0.0129508
-0.0138236
0.486173
0.463706
0.440264
0.415954
0.390867
0.576834
0.364657
0.337606
0.310718
0.0335406
0.0573246
-0.0020155
0.283837
0.18622
0.155355
0.172382
0.143852
0.196374
0.163777
-0.2997
0.124394
0.115209
0.131104
0.09336
0.0864822
0.0983772
0.057695
-0.146667
-0.194586
-0.105083
0.0288709
2.89E-05
-0.0288132
-0.0576376
-0.115153
-0.143797
-0.172327
-0.200709
-0.00974476
-0.2289
-0.256849
-0.284508
-0.311812
-0.338682
-0.365047
-0.390828
-0.415923
-0.440238
-0.0970596
-0.463681
-0.486151
-0.527772
-0.546741
-0.133193
-0.564368
-0.58058
-0.595315
-0.608523
-0.620168
-0.63023
-0.205241
-0.638701
-0.461201
-0.450833
-0.645589
-0.650916
-0.239025
-0.657059
-0.657984
-0.246175
-0.253039
-0.65589
-0.653036
-0.631707
-0.624374
-0.616428
-0.59906
-0.589806
-0.0217171
-0.580278
-0.0207441
-0.540757
-0.530811
-0.520933
0.00426749
-0.46484
-0.456221
0.0187272
-0.447791
0.0218643
-0.42908
-0.419367
0.337918
0.377198
-0.0166579
0.416259
0.455104
0.493469
0.531573
0.568693
0.604535
0.0448025
0.638736
0.793791
0.784082
0.798146
0.796783
0.789405
0.755746
0.729524
0.696921
0.658831
0.614879
0.0630083
0.0138279
0.0129321
-0.140898
-0.0906008
-0.020345
-4.01E-05
0.0129185
0.0204979
0.024137
0.205253
0.222266
0.0182094
0.013819
0.00874605
0.244606
-0.0233323
-0.0163591
-0.0305725
-0.0457332
-0.0535736
-0.0616069
-0.0696306
-0.0776785
-0.796507
0.0492055
0.0858349
-0.000426264
-0.797925
-0.793624
-0.783969
-0.769374
-0.11041
-0.118443
-0.126557
-0.750287
-0.7272
-0.134439
-0.142588
-0.150755
-0.158803
-0.531856
-0.166852
-0.0133269
-0.0141337
-0.174791
-0.18272
0.0141079
0.0133028
-0.190517
0.422458
-0.0100633
0.0568385
0.0657683
0.037166
0.0166684
0.474107
0.00246471
-0.00662368
-0.0135855
-0.0150261
-0.011493
-0.00895204
0.550987
-0.006111
-0.00308489
2.79E-05
0.590013
0.00314165
0.599254
0.608143
0.0136638
0.0115636
0.638471
0.0120095
0.0148099
0.00630442
-0.00386841
0.270425
0.245793
0.658056
0.197627
0.0495813
0.0904804
0.0198379
0.203485
0.197165
-0.00049979
-0.0131856
0.608546
-0.013631
-0.0180571
0
0.081668
-0.0817766
0
-0.019256
-0.0204533
-0.00291462
0.00318334
0.507566
0.00970044
0.0164149
0.0234811
0.0307659
0.0382618
0.0459185
0.0537305
0.0616471
0.0696692
0.256476
0.0777507
0.0858973
0.228946
0.247509
0.200761
0.21695
0.0940536
0.102246
0.110357
0.118495
0.12641
0.1344
0.142593
0.150686
0.158764
0.166743
-0.0864253
0.182566
0.190102
-0.553521
-0.499423
-0.603375
-0.648172
-0.68758
-0.72091
-0.748001
-0.768789
-0.783292
-0.507546
-0.790813
-0.794061
-0.782244
-0.674716
-0.703285
-0.64356
-0.610257
-0.575211
-0.501225
-0.463187
-0.424088
-0.654723
0.413312
0.345405
0.352947
0.476512
-0.657568
0.360422
0.367265
-0.649097
0.374343
0.381654
-0.644165
-0.638336
0.389197
0.413175
0.404966
-0.607961
0.421587
0.430181
0.43893
-0.570545
0.447814
-0.560675
-0.550728
0.456807
0.465869
0.474961
-0.511161
-0.501527
-0.492059
-0.473704
0.527159
0.534859
0.542069
-0.438538
0.548705
0.554679
-0.409782
0.291207
0.297825
0.564279
0.567728
0.57016
0.570554
0.571646
0.568154
0.564395
0.559236
0.552647
0.670881
0.544616
0.700514
0.72715
0.524239
0.511932
0.75029
0.769432
0.498262
0.48328
0.467049
0.775775
0.411607
0.431131
0.391156
0.369868
0.347833
0.325145
0.565546
0.300923
0.277051
0.0204626
0.019234
0.253139
-0.218154
-0.179547
0.229304
0.204444
0.178977
0.230163
0.261994
0.219464
0.138323
0.191545
0.179342
0.154038
-0.39856
-0.388744
0.12858
0.102999
-0.345812
-0.306042
0.0773266
-0.0422154
0.00289008
0.0119082
-0.0524415
-0.0231943
0.00733484
0.0515923
0.0549397
0.0774587
0.0258187
0.272588
2.49E-05
-0.025769
-0.051543
-0.210846
-0.204499
-0.0772777
-0.102951
-0.179298
-0.153992
-0.204406
0.110701
0.101522
-0.229266
-0.253831
-0.244185
-0.195923
-0.268889
-0.27804
-0.301818
-0.049808
-0.391133
-0.411586
-0.431112
-0.449622
0.0241437
0.0251
0.0217315
-0.467033
-0.483265
-0.498246
0.00309194
-0.511915
-0.52422
-0.0195495
-0.0206712
-0.552618
-0.544592
-0.0380674
0.0206332
0.0195139
-0.564356
-0.568108
-0.571424
-0.571586
-0.570084
-0.0858738
-0.567643
-0.564185
-0.559796
-0.10224
-0.554564
-0.534714
-0.541935
-0.527003
-0.501734
-0.510438
-0.492842
-0.447554
-0.45656
-0.438652
-0.0778972
-0.0552616
-0.429886
-0.421279
-0.388804
-0.381235
-0.373852
-0.350082
-0.358704
0.384499
0.344992
0.423672
0.462429
0.500894
0.53847
0.00617061
0.574941
0.610022
0.0151121
0.0208562
0.643362
0.674561
-0.113376
0
0
0.11319
-0.0269386
-0.028462
0.703178
-0.0202155
0.790973
0.794275
0.791908
0.141463
0.783614
0.209393
0.250986
0.748439
0.721413
0.688416
0.649644
0.605162
-0.0241009
-0.0250083
-0.0205432
0.555596
-0.00855442
0.511795
0.501465
0.523173
0.454306
0.443766
0.46517
-0.25917
-0.21723
-0.23522
-0.265034
0.140486
0.392564
0.38266
0.402932
0.116006
0.163873
-0.323762
-0.332576
-0.0412249
-0.0719676
-0.0801544
-0.0451051
-0.102868
-0.222692
0.0407184
-0.0424682
0.174686
0.214113
0.215095
0.256988
0.263666
0.221189
-0.206624
-0.379407
-0.315046
-0.124398
0.0212309
-0.00121431
0.0343568
0.0405002
0.0431574
0.036983
0.0327955
0.0281164
0.0230292
0.0176157
-0.538767
-0.0127009
-0.00630818
-0.0192257
-0.0258524
0.336216
-0.0326693
-0.114868
-0.0354874
0.127175
0.0483337
-0.0463496
-0.0532597
-0.0601986
-0.080968
-0.0740964
-0.0878602
-0.135298
-0.128651
-0.142081
0.23671
0.484036
-0.173039
-0.167316
-0.0358559
-0.0660321
0.519051
0.0570476
0.0314605
0.5599
-0.00202102
1.87E-05
0.00205922
0.00404257
0.00901633
0.00590528
0.535142
0.44964
0.208521
0.148606
0.0284798
0.0269169
0.0859564
-0.440944
0.00110748
-0.0214491
0.171401
0.166187
-0.0344785
-0.044568
-0.044385
-0.0430227
-0.0174862
-0.0118223
0.318297
0.327397
-0.00593085
0.00643405
0.0128288
0.0193476
0.0327111
0.0395151
0.0463815
0.0602178
0.0671528
0.0741008
0.0809782
0.0878486
0.0945171
0.101239
-0.369843
0.0929024
0.114997
0.121892
0.12856
0.141951
0.148398
0.154852
0.160766
-0.026933
-0.0283865
-0.559202
0.0283342
0.0268836
-0.570501
-0.640098
-0.679739
-0.713454
-0.518885
-0.545316
-0.508281
-0.470222
-0.474738
-0.465635
-0.483824
0.278608
0.272431
0.284021
0.289624
-0.412854
-0.39661
0.341815
0.349187
0.356706
0.36435
-0.341906
0.372091
0.379898
0.387734
0.418481
0.42575
0.43273
0.445535
0.451212
0
0.145722
-0.145999
0
0.456301
-0.0363073
-0.0381446
0.460723
0.4644
0.782349
0.769167
0.304582
0.458491
0.452547
-0.262959
-0.25557
0.445358
0.436928
0.427275
0.416428
0.404425
0.391316
0.377161
0.0885453
-0.140131
-0.161484
-0.193399
0.1938
0.172858
0.151687
-0.227935
-0.270639
0.168684
0.130323
0.176886
0.108809
-0.248185
0.087175
-0.109678
0.0654529
0.0436774
0.0218615
-0.120018
-0.147086
-0.085986
-0.0358581
-0.151651
-0.17283
-0.193774
-0.178128
0.0414417
0.0444628
0.0446681
-0.311425
-0.329072
-0.345958
-0.377147
-0.391303
-0.404412
-0.416414
-0.427261
0.011965
-0.00305784
-0.00947863
0.00599265
-9.67E-05
-0.466648
-0.468936
-0.470081
-0.469145
-0.467185
-0.0394824
-0.464325
-0.46064
-0.0671473
-0.0940556
-0.45621
-0.370339
-0.306722
-0.432604
-0.425616
-0.0945986
-0.418337
-0.101273
-0.108083
-0.115055
-0.121781
0.140645
-0.387553
-0.379708
0.373159
0.309205
-0.371891
-0.148756
-0.197726
-0.155016
-0.161157
-0.341567
-0.334345
-0.327303
-0.404625
-0.320449
-0.482777
-0.313795
-0.307337
-0.30109
0.0146098
-0.276984
-0.269784
0.00354948
-0.0033393
-0.0120003
-0.0073542
-0.00937035
-0.0147149
-0.0155375
-0.0100388
-0.00977321
0.269565
0.311087
-0.00886776
-0.00751707
-0.00586184
-0.00400237
0.469855
0.507938
0.545008
0.580855
0.615201
0.0075649
0.0089207
0.00983118
0.00738284
0.00942852
0.00321829
0.787261
0.7781
-0.00413139
-0.0163778
0.762877
0.226869
0.641021
0.596446
0.546544
0.0381759
0.0362916
0.0358108
-0.041458
-0.0079832
-0.164831
-0.0403808
-0.0240062
-0.0215738
-0.0368453
-0.0326618
-0.0279699
-0.0228904
-0.0932224
-0.0316819
0.0114922
0.000160855
0.0350858
0.0474832
0.0259754
0.052758
0.0541482
0.0533225
0.0511328
0.0532813
0.0481627
0.0447035
0.0408763
0.0367609
0.0324732
0.028005
0.108239
0.0234275
0.0186927
0.0138717
0.135349
0.00894871
0.00392168
-0.00113654
-0.0356788
-0.0374757
-0.00625288
-0.0114703
-0.0167523
0.0374062
0.0356128
-0.082925
-0.431786
-0.18333
-0.544814
-0.489933
-0.594803
-0.0488264
-0.054137
0.18948
-0.0593794
-0.0644682
-0.0695873
-0.741071
-0.762515
-0.777792
-0.791639
-0.787005
-0.790358
-0.0801604
-0.0853904
-0.788095
-0.78055
-0.0905856
-0.768763
-0.768115
-0.751191
-0.750791
-0.0957506
-0.100897
-0.678155
-0.705745
-0.647914
-0.111139
-0.116106
-0.615444
-0.581133
0.0170348
0.128117
-0.126074
-0.13076
0.182388
-0.241648
-0.166848
-0.16476
0.251259
0.243731
0.258834
0.295432
0.301445
0.307667
0.39697
0.314098
0.320736
0.327574
0.334605
0.395559
0.493042
-0.178129
0
0
0.177748
-0.047739
-0.0498603
0.410986
0.510615
0.0101008
0.0156297
0.439349
0.467253
0.571492
0.469205
0.470185
0.470128
0.468977
0.466683
0.463198
0.0316918
-0.0112803
-0.0351503
-0.0474016
-0.0526838
-0.0540642
-0.0510705
-0.0480553
0.362024
0.345975
0.329091
0.311446
0.293121
-0.0323614
-0.0279094
-0.0233182
0.274193
0.254738
-0.0186028
0.233858
0.213836
-0.0137782
0.00635025
0.0115511
0.0168276
0.0221269
0.0274433
2.05E-05
-0.0218207
-0.0436369
0.0381378
0.0434917
-0.0654128
-0.0871356
0.0488314
-0.128533
-0.108771
-0.130286
0.0593717
0.0644521
0.0695642
0.0748589
-0.234764
-0.214437
-0.254694
0.0801181
-0.325098
-0.274161
-0.293096
-0.347802
-0.362008
0.110789
0.115933
0.120699
0.125279
0.129971
-0.436912
-0.535121
-0.445339
-0.452525
0.180907
0.186615
-0.458465
-0.463168
-0.470132
-0.451112
-0.548581
-0.445427
-0.439232
0.434429
-0.730242
-0.728803
-0.410833
-0.403165
-0.395388
-0.36414
-0.356485
-0.348953
0.265605
0.190694
0.199665
0.203676
0.207828
-0.295016
0.212144
-0.366743
-0.289169
-0.283389
0.216621
0.226086
0.231074
0.236229
0.241547
0.247021
0.391513
0.351646
0.43089
0.270246
0.276303
0.282416
0.647709
0.306773
0.312642
0.677994
0.705632
0.31833
0.728747
0.730179
0.75118
0.750787
0.768813
0.768158
0.780648
0.328949
0.333763
0.788247
0.790563
0.338166
0.342095
0.345485
0.68029
0.0499128
0.0477382
0.34615
0.342234
0.33734
0.331467
0.324623
0.316825
0.308102
0.298487
0.288026
-0.110675
0.23876
0.224884
0.210506
0.0838109
0.0671508
0.0504101
0.0168492
1.54E-05
-0.135709
-0.0168185
0.199012
-0.05038
-0.0671213
-0.0837822
-0.180446
-0.195658
-0.210483
-0.0460199
-0.048165
-0.26475
-0.276755
0.175579
0.0480748
0.0459339
-0.288015
-0.188319
-0.216262
-0.022099
-0.0274199
-0.0327656
-0.351076
-0.352165
-0.352375
-0.0381231
-0.0434822
0.135089
-0.318231
-0.312536
-0.0748916
-0.30666
-0.300653
-0.294559
-0.288421
-0.282276
-0.106037
-0.276156
-0.270092
-0.121271
-0.246833
-0.24135
-0.236022
-0.230856
-0.225855
-0.22102
-0.216348
-0.207463
-0.203217
-0.199036
0
0.207292
-0.207777
0
-0.0616929
-0.0640482
-0.179088
-0.17398
-0.132101
-0.0694852
0.0390226
-0.165511
0.165818
0.195058
0.0937412
-0.125121
-0.0405207
0.0122088
0.0396839
0.0483995
0.0505884
-0.0532463
0.049736
0.0475092
0.0447079
-0.0446048
0.0417865
-0.0407634
-0.0366621
0.0387415
0.0356856
0.0325902
0.0294917
0.0263832
-0.00884617
0.0232705
0.0201341
-0.00383068
0.00123313
0.0169596
0.0137529
0.0105135
0.00724775
0.00396639
0.000660043
0.0327847
-0.00268771
-0.00606623
0.0541354
-0.0161955
-0.0128089
-0.0195877
-0.0229799
-0.026366
0.234497
-0.0297395
-0.0331236
0.0853355
-0.0361896
-0.0391397
0.0905181
0.0956669
-0.0424764
0.100798
0.10592
-0.0457995
-0.0490972
-0.0523759
-0.0556362
-0.0588938
-0.0621546
-0.065462
-0.0688286
-0.0723677
-0.0760634
-0.0802054
-0.0845041
-0.0384112
0.164832
0.064133
0.0617204
-0.392221
-0.431313
-0.352527
-0.312135
0.195811
0.221269
0.25264
0.258394
0.264269
0.13338
0.125486
0.040768
-0.0120225
0.288554
-0.0395502
-0.0483037
-0.0505099
0.300772
-0.0496747
-0.0474585
-0.0446633
-0.0582264
-0.0607165
0.323785
-0.0417459
-0.0387011
0.0606013
0.0581162
-0.0356533
-0.0325591
0.348273
-0.0294639
0.350396
0.351795
-0.0263559
-0.0232451
0.352413
0.352198
-0.0169345
-0.0137266
0.351105
0.349099
-0.0104873
-0.00722262
-0.00394187
-0.000636507
0.00271039
0.00608644
0.00945369
0.0128224
0.0162072
0.0195974
0.264762
0.276766
0.252074
0.0229869
0.0263697
0.0297394
0.0331193
0.195688
0.0361807
0.0391259
0.180483
0.164933
0.042457
0.149096
0.133033
0.0457736
0.0490643
0.116776
0.100356
0.0523346
0.058832
0.0620813
0.065376
0.0336485
0.0687285
0.0722532
0.0759357
-0.033618
0.0800625
0.0843449
-0.231862
0
0
0.231273
-0.0787374
-0.0812441
-0.100329
-0.11675
-0.133011
-0.164902
-0.224865
-0.238744
-0.25206
-0.298478
-0.308092
-0.316815
-0.324612
-0.331455
-0.337326
-0.342217
-0.346129
-0.349075
0.591159
0.595122
0.549569
0.554239
0.634831
0.631581
-0.618411
-0.657694
-0.658542
-0.623351
-0.653693
-0.610484
0.641264
0.608256
0.639284
0.606559
0.641505
0.608353
0.842831
0.848546
0.839497
0.846602
0.839918
0.844191
-0.173368
-0.197811
-0.154741
-0.176362
-0.194786
-0.222248
-0.57478
-0.584283
-0.563082
-0.541398
-0.494783
-0.476578
-0.527652
-0.509476
-0.551378
-0.537197
-0.518619
-0.496428
-0.512505
-0.56009
-0.538906
0.181995
0.163056
0.159202
0.141205
0.210319
0.193338
-0.351752
0.539147
0.50348
0.538172
0.502535
0.53874
0.502776
0.518613
0.53884
0.537578
0.560115
0.494089
0.512748
0.466895
0.466308
0.465913
-0.350348
-0.348219
-0.345425
-0.342029
-0.846378
-0.839323
-0.837451
-0.829169
-0.848423
-0.842764
-0.473607
-0.494178
0.321054
0.284955
0.322118
0.285851
0.319295
0.283267
-0.472457
-0.45122
-0.338094
-0.333684
0.248766
0.249703
0.247132
-0.924889
-0.912098
-0.912763
-0.925822
-0.910629
-0.92298
0.512793
0.507041
0.445359
0.47359
0.423873
0.451303
0.46493
-0.328863
-0.323693
0.392355
0.413475
0.105872
0.0705301
0.106449
0.0709281
0.104991
0.0699293
0.368575
0.400034
-0.42353
-0.399787
-0.426723
-0.368441
-0.392107
0.035274
0.0354753
0.0349716
-0.342362
-0.37381
0.231099
0.336507
0.359794
6.12E-05
5.71E-05
6.59E-05
0.309335
0.342014
-0.309619
-0.335568
-0.0351525
-0.0353617
-0.0348412
-0.280725
-0.313273
0.280633
0.305631
0.249302
0.279466
-0.249921
-0.27745
-0.105755
-0.141224
-0.141958
-0.106338
-0.104868
-0.140086
-0.249298
-0.219835
0.105754
0.108117
-0.17685
-0.177699
-0.175496
0.21638
0.110574
-0.212656
-0.213577
-0.211133
0.112771
0.254821
-0.248658
-0.249598
-0.247019
-0.264107
0.115082
0.117393
0.0461047
-0.789919
-0.789487
-0.829689
-0.829884
-0.74413
-0.744217
-0.258225
-0.252461
0.119822
-0.575491
-0.54959
-0.555737
-0.585425
-0.430876
-0.467299
-0.430993
-0.46708
-0.429626
-0.466306
0.122329
-0.589722
-0.590269
-0.556453
-0.503434
-0.502843
-0.50273
0.124949
-0.539103
-0.538127
-0.538693
0.127672
0.130508
-0.608228
-0.641242
-0.639258
-0.606529
-0.608324
-0.641483
-0.511942
-0.495485
-0.550017
0.133455
-0.672925
-0.670741
-0.673199
0.136517
-0.703063
-0.700786
-0.703234
-0.536714
-0.479601
-0.464751
-0.523833
0.13969
-0.211835
-0.731465
-0.729218
-0.731377
-0.439956
-0.501375
-0.511924
-0.451361
-0.49238
-0.430558
0.142975
-0.422847
-0.484651
0.146368
-0.168537
-0.164647
-0.172466
-0.825046
-0.843121
-0.824246
-0.84297
-0.822317
-0.8394
0.149864
-0.194364
-0.859083
-0.859655
-0.854287
-0.478686
-0.41691
-0.41282
-0.474246
0.153458
-0.873003
-0.874346
-0.867086
0.157142
-0.189489
-0.184406
-0.471123
-0.410335
-0.409293
-0.469441
-0.884979
-0.887109
-0.877935
-0.614254
-0.568232
-0.620307
-0.571795
-0.60743
-0.561094
0.160907
-0.89512
-0.898031
-0.886971
-0.468905
-0.409481
-0.411
-0.469566
0.164739
-0.903559
-0.907208
-0.894361
0.846166
0.847869
0.866439
0.863231
0.824299
0.823974
0.168626
-0.476958
-0.420999
-0.42581
-0.480914
-0.416787
-0.473701
0.17255
-0.915865
-0.919994
-0.920773
-0.925387
-0.90485
-0.908249
0.294685
0.403326
0.176492
-0.485436
-0.431238
-0.43719
-0.490472
0.180429
-0.495928
-0.443554
-0.450294
-0.501749
-0.925902
-0.931927
-0.93198
-0.912723
0.184337
-0.92523
-0.931134
-0.912058
-0.507856
-0.457311
-0.464542
-0.514246
-0.811823
-0.821252
-0.802273
-0.820495
0.188188
0.829666
0.837804
-0.521323
-0.472376
-0.480426
-0.529482
0.195596
0.199084
-0.537217
-0.48885
-0.497681
-0.545126
0.492149
0.202378
-0.553486
-0.506008
-0.514324
-0.899867
-0.894869
-0.900765
-0.894804
-0.89119
-0.887154
0.208227
0.210699
-0.889608
-0.888526
-0.8829
-0.156416
-0.138141
-0.122243
-0.13781
0.212813
-0.119843
-0.106809
0.214526
-0.878337
-0.872382
-0.875148
-0.868117
-0.87378
-0.869
-0.0916875
-0.102429
0.580736
0.599404
0.576273
0.557344
0.2158
-0.866236
-0.86092
-0.864141
-0.085288
-0.0766292
0.216593
-0.859868
-0.853336
-0.859076
-0.0615076
-0.0682518
0.216867
-0.0512239
-0.0462674
0.216588
0.599269
0.63832
-0.0309061
-0.0341644
0.215736
-0.017067
-0.0154504
0.214292
0.708563
0.741545
0.710604
0.742611
0.706813
0.740498
5.62E-05
5.43E-05
0.190079
0.183654
0.157899
0.153227
0.223277
0.216529
0.212229
0.261157
0.213038
0.20563
0.254435
0.220972
0.268468
0.770836
0.771
0.770665
0.0171761
0.0155632
0.209537
0.0310206
0.0342759
0.20621
0.713932
0.741488
0.202252
0.0513392
0.0463842
0.0616299
0.0683741
0.83699
0.835493
0.19767
0.0854221
0.0767589
0.558941
0.19248
0.0919667
0.102575
-0.40537
-0.412705
-0.452576
-0.446644
-0.372478
-0.364249
0.186703
0.120156
0.107524
0.123733
0.138711
0.173495
0.16613
0.158306
0.150063
0.550335
0.557256
0.586659
-0.165379
-0.147487
0.14144
0.591392
0.557642
0.13248
0.551965
0.590371
0.123222
0.584431
0.541167
0.113699
0.527056
0.574773
0.103947
0.562806
0.511123
0.832208
0.094002
0.141242
0.161292
0.495083
0.549963
0.316977
0.311831
0.351577
0.277767
0.282144
0.0838996
0.0813774
0.0788128
0.536819
0.479185
0.464464
0.523849
0.0736658
-0.521329
0.51193
0.451133
0.0633215
0.439732
0.501381
0.0528932
0.492254
0.4301
-0.190727
-0.185621
-0.22417
-0.21826
-0.157992
-0.153681
0.0423822
0.42266
0.484785
0.0318096
0.821093
0.478821
0.41704
0.413165
0.474375
0.0212317
0.0106326
0.409351
0.469558
0.4691
0.409656
0.410561
0.471317
9.49E-06
-0.523529
0.411155
0.469727
-0.0106136
-0.519231
-0.0212129
0.471343
0.413602
0.416963
0.473806
-0.031791
0.477068
0.421223
0.425934
0.481019
-0.0423641
0.485569
0.431386
-0.0528755
-0.457238
-0.437848
0.437338
0.490574
-0.0633047
-0.419649
0.443609
0.496124
-0.07365
-0.403289
-0.0838851
0.507901
0.457351
0.450316
0.501859
0.464622
0.514134
-0.149075
-0.093988
-0.377228
-0.367741
0.520815
0.4721
-0.103929
-0.113679
0.533073
0.48693
0.479688
0.527298
0.494411
0.539514
-0.351554
-0.354974
-0.132739
-0.123203
0.544756
0.500987
-0.349742
-0.132466
-0.349595
-0.141429
-0.350845
-0.839742
-0.835327
-0.836919
-0.827479
-0.830493
-0.150053
-0.814961
-0.813425
-0.793863
-0.793913
-0.158298
0.870414
0.866366
0.873394
-0.413413
-0.360643
-0.356338
-0.471214
-0.766929
-0.768656
-0.739003
-0.735398
-0.166123
-0.365727
-0.699133
-0.705104
-0.666166
-0.658594
-0.173489
-0.180358
-0.186697
0.853418
0.845828
-0.192474
0.853524
0.86006
-0.197664
-0.432363
-0.423415
0.866437
0.861131
-0.202245
-0.357649
-0.340372
-0.377531
-0.440955
-0.206202
0.868394
0.872647
0.878607
0.875408
0.123388
-0.0726176
-0.0754389
-0.209527
0.882198
0.884315
-0.467972
-0.459255
-0.212217
0.0752931
0.072478
-0.214278
-0.119512
-0.106565
0.908993
0.911696
0.906525
0.904686
0.91641
0.912924
-0.216569
-0.216844
-0.0937686
-0.216568
-0.0809865
0.916426
0.920607
0.924233
0.919458
-0.215772
-0.0680246
0.921998
0.927256
-0.214494
0.59717
0.588452
0.619346
0.62886
0.556582
0.564496
-0.054813
0.929626
0.923993
-0.212777
-0.0413492
0.925355
0.931259
0.932098
0.926022
-0.21066
-0.027673
0.925935
0.932038
-0.208184
-0.0138465
0.93097
0.924998
-0.205393
-0.792206
-0.830185
5.77E-05
0.923082
0.92882
-0.202327
-0.195433
-0.229499
-0.161967
0.0139621
0.925475
0.920085
-0.199028
-0.387591
0.0277902
0.915951
0.920855
-0.195536
0.0414677
0.903632
0.907274
0.91483
0.910524
0.898089
0.895183
-0.191888
0.0549357
0.591989
0.599014
0.623754
0.631587
0.558315
0.56488
0.88504
0.887161
-0.18812
0.0681506
-0.184265
0.0812894
0.859131
0.859695
0.874391
0.873059
0.843004
0.843162
-0.180353
0.0944926
0.873473
0.854578
0.848744
0.865978
0.858877
0.87939
-0.176411
0.10826
0.518222
0.755907
0.757989
0.731485
0.729238
0.782472
0.78069
0.700806
0.70308
-0.16081
0.522369
0.525105
-0.157041
0.520408
0.535396
0.672946
0.670764
-0.153352
0.509677
0.57279
0.57414
-0.149753
-0.52152
-0.526522
0.494358
-0.146252
0.475719
-0.142854
0.456087
-0.139563
0.436789
0.501923
-0.136384
0.418813
0.357886
0.357443
-0.845531
-0.853247
-0.133316
0.402624
0.821714
0.812594
-0.130361
0.388607
0.213683
0.212769
-0.127516
-0.21572
0.397876
0.337773
0.364059
0.420889
0.31411
0.376066
0.376955
0.367263
0.587371
0.64228
0.588991
0.643244
0.586266
0.64192
-0.122152
-0.119633
-0.782448
-0.804821
-0.780667
-0.803472
-0.802975
-0.781347
0.142067
0.141339
-0.117192
-0.114866
0.349757
0.349918
0.437851
0.392745
0.453161
0.414117
0.365787
0.416465
-0.11254
0
0.246116
-0.246514
0
0.350989
-0.110327
0.353234
-0.475733
-0.0708158
-0.0704108
-0.107868
0.356585
-0.105502
0.36087
0.365988
0.371609
0.000134814
0.0248735
5.33E-05
0.0233932
0.000174318
0.0262743
0.237279
0.201844
0.157028
0.377928
-0.285756
-0.284854
0.384709
0.391901
-0.321225
-0.322026
-0.358368
-0.357733
0.470718
0.477464
0.428752
0.436252
0.407458
0.415459
-0.394719
-0.394313
-0.572753
-0.574106
-0.830922
-0.830756
-0.216052
-0.234064
-0.207266
-0.191101
-0.262409
-0.24243
-0.755886
-0.757968
-0.676167
-0.710843
-0.64376
0.830591
0.839244
0.335398
0.304698
0.855946
0.864025
-0.914756
-0.910438
0.871823
-0.928724
0.900006
0.906047
0.911578
-0.930867
0.916535
0.920861
0.924498
-0.92187
-0.92712
-0.929495
-0.923867
-0.924092
-0.919329
-0.529787
-0.488152
-0.482858
-0.569544
0.929423
0.93058
0.930699
-0.908861
-0.911539
-0.916259
-0.912794
-0.906358
-0.904544
0.929694
0.927532
0.924094
0.905033
0.895449
-0.881966
-0.884095
0.870886
0.855778
0.838718
-0.0448156
-0.00897098
-0.00925464
-0.00952322
0.750959
0.724383
0.675456
0.672786
-0.00971847
0.69615
-0.00993264
-0.0101309
0.635294
0.603003
-0.0103496
0.569708
0.795066
0.795893
-0.0105715
0.535583
-0.010808
0.500406
-0.0110525
-0.0113093
0.357489
0.321894
-0.0115762
0.285831
-0.0118548
0.24983
-0.0121444
0.2139
0.496494
0.512981
-0.0124454
0.177806
0.178065
0.176962
-0.0127574
0.142325
0.472612
-0.0130803
-0.485936
0.106672
-0.0134138
0.0710902
0.426844
-0.0137574
0.0355589
-0.187308
-0.0141101
0.803193
0.373338
5.34E-05
-0.0144713
-0.0354525
-0.0148396
0.312324
-0.0709847
-0.345104
0.107518
-0.0152137
-0.281333
-0.015592
0.183142
-0.142222
-0.177963
-0.0159726
-0.2138
-0.0163532
-0.152593
-0.134638
-0.103688
-0.24973
-0.0167315
-0.285741
-0.0171046
-0.321806
-0.0174696
-0.357881
-0.0178231
-0.393905
0.320424
0.355644
0.284695
-0.0181615
-0.429795
-0.0184811
-0.589235
-0.559479
-0.545481
-0.574337
-0.572138
-0.602918
-0.465448
-0.3891
-0.0187779
-0.500743
-0.0190477
-0.535535
-0.0192864
-0.0730685
-0.569668
-0.0194898
-0.360292
-0.0196534
-0.635266
-0.666377
-0.0197728
-0.69613
-0.0198448
0.242336
0.276997
-0.724365
-0.0198663
-0.750941
-0.0198328
-0.353013
-0.775738
-0.0197423
-0.798666
-0.0195934
-0.81966
-0.371344
-0.61255
-0.636568
-0.598989
-0.62031
-0.62076
-0.648195
-0.0193838
-0.838688
-0.0191124
-0.377666
-0.384442
0.0786005
0.0883939
-0.0187792
-0.793612
-0.792857
-0.762578
-0.764919
-0.816994
-0.816185
-0.498067
-0.504673
-0.543248
-0.537305
-0.465558
-0.458836
-0.870846
-0.884042
0.0549254
0.0827714
0.0525867
0.0790266
0.0568827
0.0857044
-0.391687
-0.399235
-0.0183846
-0.895396
-0.0179298
0.523722
0.483385
-0.904973
-0.0174166
-0.912865
-0.0168474
-0.919181
-0.449955
-0.016225
-0.92401
-0.0155528
-0.927439
-0.0148343
-0.929593
-0.0140736
-0.93059
-0.0132745
-0.930461
-0.0124411
-0.0115774
0.423591
0.376123
0.367227
0.385064
0.431912
-0.927239
-0.924355
-0.894108
-0.868979
-0.863663
-0.888155
-0.898483
-0.0106873
-0.92071
-0.00977444
-0.0088423
-0.911411
-0.905871
-0.00789381
-0.899818
-0.00693222
0.867154
0.854345
0.878012
-0.893308
-0.00595936
-0.886395
-0.00497768
-0.00398849
-0.871572
-0.863751
-0.0029943
-0.855712
-0.00199762
-0.847507
-0.000998318
-0.838964
8.63E-07
-0.830296
0.00100004
0.00199933
0.002996
0.603541
0.641936
0.00399016
0.67864
0.0049793
0.712686
0.0497754
0.0468082
0.00596089
0.743832
0.00693362
0.771117
0.0078951
0.794098
0.237353
0.228863
0.26121
0.271019
0.203581
0.00884352
-0.491127
0.563967
0.00977605
0.576016
0.605884
0.0106895
0.831095
0.824903
0.0115793
0.0124424
0.0132754
0.360184
0.884276
0.861965
0.864186
0.887689
0.812302
0.0140744
0.0148351
0.0155534
0.0162256
0.0168479
0.131122
0.116956
0.0174171
0.0179303
0.0183852
0.0187799
-0.580064
-0.590456
-0.57008
0.0191133
0.0193848
0.0195946
-0.488426
-0.479378
0.399488
-0.464336
0.326051
0.276297
0.318858
0.284547
0.333628
0.0197438
0.0198345
0.0198682
0.019847
0.900373
0.894328
0.904941
0.0197753
-0.325856
-0.314121
0.456268
0.448431
0.464065
0.0196563
-0.305003
0.019493
-0.713842
-0.298335
-0.776471
-0.787142
0.0192899
-0.824636
-0.831984
0.0190516
0.0187821
-0.291352
-0.290472
-0.291331
-0.811591
-0.824259
-0.793404
0.0184857
-0.293517
0.0181665
-0.29668
-0.770078
-0.742456
0.0178284
0.0174754
-0.318548
-0.311936
0.0171109
-0.325651
-0.605227
0.0167381
-0.333244
0.0163602
-0.341215
0.0159799
0.169732
0.135834
-0.349542
0.0155997
-0.212585
-0.220527
-0.205202
0.0152217
0.847562
0.014848
0.01448
-0.384957
-0.394002
-0.403589
0.0141192
0.888736
0.879365
0.0137668
0.886611
0.894997
0.893509
0.900944
0.10435
0.0134237
0.486488
-0.42217
-0.430775
0.0130906
-0.439366
0.012768
0.0124564
0.0121559
-0.0910898
-0.0809674
0.927374
0.0118669
-0.0705081
0.0115889
-0.903454
-0.881056
-0.88696
-0.908554
-0.874451
-0.897677
-0.0596057
0.0113226
-0.0482609
0.0110666
0.010823
-0.0245043
-0.0122739
0.0105875
5.84E-05
0.0103667
0.919257
0.0123911
0.010149
0.0246233
0.912933
0.00995238
-0.398747
-0.364186
-0.345896
-0.379845
-0.415521
-0.380571
0.884088
0.00973947
0.0483857
0.059733
0.00954549
0.0708034
0.0092754
0.819685
0.824276
0.50089
0.463758
0.537068
0.0089882
0.0926326
0.798688
0.803498
0.775758
0.492252
0.00142796
0.011809
0.490383
0.00822312
0.480602
0.00806851
0.6664
0.79808
0.826218
0.829955
0.799356
0.820625
0.794589
0.464486
0.599419
0.620313
0.573942
0.00696809
0.0555852
-0.811643
-0.791896
0.00644788
0.00578866
0.00533045
0.339375
0.325323
0.00486931
0.464576
0.313823
0.00447484
0.793273
0.304806
0.394116
0.393285
0.00410439
0.298331
0.0037637
0.003433
-0.246817
-0.256207
-0.237713
0.00311507
0.291532
0.293724
0.00280307
0.296993
0.695523
0.694943
0.642048
0.745202
0.744393
0.00249708
0.301294
0.00219293
0.306452
0.00189006
0.312356
0.00158713
0.00128378
-0.106568
0.000979382
0.00067416
0.34161
0.37935
0.42596
0.418362
0.000367839
0.349906
-0.400243
-0.391251
-0.435767
-0.424666
-0.364263
-0.355006
5.95E-05
0.358469
-0.00025045
0.0274583
-0.000559935
-0.000868979
-0.00117826
-0.20906
-0.206458
-0.241847
-0.244741
-0.171428
-0.173683
0.402934
0.412239
-0.00148788
0.420581
-0.23423
-0.238337
-0.203326
-0.199655
-0.269317
-0.273799
-0.643418
-0.630763
-0.669428
-0.655394
-0.614608
-0.00179723
0.276511
0.251771
-0.446871
-0.400668
-0.419425
-0.00210589
-0.802901
-0.817253
-0.00241332
-0.824869
-0.602971
-0.00271864
-0.00296837
-0.820787
-0.809497
-0.00327322
-0.792718
-0.00357636
-0.770868
-0.00387686
-0.744638
-0.00417518
-0.00447186
-0.682033
-0.646373
-0.00476681
-0.608674
-0.855743
-0.0050629
-0.00535779
-0.00566178
0.797586
0.807291
-0.00596827
0.816384
-0.00630617
-0.00664147
0.834954
0.843986
-0.0070464
0.852708
-0.00744189
0.869353
0.877168
-0.260729
-0.26805
-0.25404
0.00742841
0.897858
0.903624
0.00703362
0.210101
0.171983
0.149037
0.246584
0.908713
-0.929296
0.00662975
0.913054
0.00629556
0.916565
0.601155
0.590722
0.610631
0.005959
0.919166
-0.920461
-0.916377
0.00565382
0.920771
0.00535108
0.921275
0.352855
0.349906
0.313543
0.316731
0.386412
0.389758
0.00505727
0.920596
0.0047622
0.918662
0.00446815
-0.919036
-0.899616
-0.901852
-0.920651
-0.896328
-0.916425
0.915369
-0.879133
0.790055
0.7833
0.80405
0.81334
0.757707
0.761719
0.00417222
0.282138
0.314302
0.265033
0.295924
0.331182
0.297908
0.00387452
0.904303
0.896384
0.00357458
0.88675
0.00327196
-0.754551
-0.765052
-0.743485
0.00296753
0.862044
0.846889
-0.104179
-0.069435
0.00271821
0.829818
0.00241329
0.400485
0.344638
0.419886
0.279288
0.810827
0.00210622
-0.0690092
-0.0680402
-0.102276
-0.103704
-0.0339447
-0.0344371
0.789942
0.00179788
0.7672
0.00148877
0.742673
0.00117931
0.716453
0.000870093
0.688653
-0.0126853
0.000561362
0.812133
0.814198
0.659406
0.000252406
0.824517
0.827845
0.830933
-5.75E-05
-0.000365835
0.248423
0.243259
0.530575
0.532986
0.528915
-0.000672091
0.0407063
0.0438121
0.0658281
0.0611164
0.0219047
0.0203636
-0.000977232
0.0691446
0.0681851
0.0340975
0.0345778
0.102411
0.103833
-0.00128152
-0.00158488
-0.00188784
0.248971
0.44714
-0.00219071
0.213268
-0.00249491
0.177612
-0.00280091
-0.00311292
-0.728907
-0.68675
-0.729972
-0.6873
-0.728515
-0.689778
0.106465
0.0709649
-0.00343078
-0.313699
-0.00376119
-0.0353991
4.99E-05
0.0746832
-0.00410155
-0.0708661
-0.00447165
-0.306093
-0.301015
-0.00486555
-0.444866
-0.141914
-0.177516
-0.00532647
-0.213173
-0.00578406
-0.422641
-0.399492
-0.248877
-0.407987
-0.444405
-0.371212
-0.00644276
-0.335163
-0.328179
-0.299324
-0.292751
-0.28461
-0.00696032
-0.32034
-0.00805906
-0.356023
-0.213954
-0.245387
-0.00820794
-0.0118108
-0.293845
-0.42698
-0.46208
-0.00136808
-0.496782
0.0127758
0.00188041
-0.896328
-0.904238
-0.880549
-0.00306338
-0.628832
-0.659383
-0.00514753
-0.688632
-0.716434
-0.742655
0.005116
-0.767182
0.180549
0.178937
0.00306816
-0.789922
-0.00187194
-0.781918
-0.829792
-0.846858
-0.862008
-0.407034
-0.358111
-0.0148342
-0.391596
-0.387387
-0.352424
-0.422109
-0.875276
-0.366927
-0.415184
-0.375866
-0.0152995
-0.886701
-0.0157377
0.138703
0.136847
0.173805
0.171555
-0.413117
-0.0160618
-0.0164143
-0.910535
-0.0167427
-0.915287
-0.0171032
-0.918571
-0.0174698
0.777615
0.767035
-0.920495
-0.0178596
-0.921165
-0.0182629
-0.0186862
-0.110479
-0.100831
-0.121114
0.429061
0.426773
0.392134
-0.0191262
-0.912904
-0.0195853
-0.228916
-0.0200624
-0.757456
-0.0205582
-0.891291
-0.021072
-0.0365321
-0.884359
-0.0216038
-0.876948
-0.0221527
-0.869118
-0.022718
-0.0232983
-0.852438
-0.843695
-0.0238922
0.368229
0.358396
0.377475
0.0366527
-0.834748
-0.0244976
-0.825649
-0.0251124
-0.0257339
0.0816681
-0.806952
-0.797055
-0.0263588
-0.0269835
0.569318
0.608065
-0.0276041
0.645863
-0.0282159
-0.028814
0.744932
0.771226
0.773783
0.791935
0.751045
-0.029393
0.793063
0.443933
-0.0299468
0.809876
-0.0304695
0.821025
0.356458
0.793087
0.832466
0.831607
0.791909
0.833393
0.794091
-0.0309542
0.826192
-0.0313944
0.825147
0.198871
0.192833
-0.0317832
0.817637
-0.0321136
-0.0323786
0.38669
0.394864
0.293774
0.355021
-0.0325706
-0.0326847
0.290719
-0.0327155
-0.0326561
-0.66811
-0.0325031
-0.0322539
-0.0319051
-0.031455
-0.0566655
-0.0587717
-0.0293307
-0.0282792
-0.088479
-0.0851142
-0.0309035
0.140205
0.175614
-0.0302512
0.195264
0.162086
0.229018
-0.0295003
-0.45139
-0.436908
-0.416436
-0.0286536
-0.027715
0.394063
0.440375
0.312407
-0.0266894
-0.0255821
-0.310848
-0.265793
-0.27557
-0.320229
-0.301687
-0.0243991
-0.277275
-0.263048
-0.251977
-0.0231468
-0.0201077
-0.243767
-0.277621
-0.28074
-0.0218317
-0.372318
-0.390687
-0.342148
-0.360628
-0.238144
-0.570536
-0.532309
-0.0204604
0.211251
-0.0190395
-0.0175753
-0.233394
-0.233749
-0.23555
-0.825991
-0.0160738
-0.238647
-0.0145407
-0.242872
-0.0129808
-0.248035
-0.0113994
-0.00979959
0.0275504
0.0186157
0.0360573
-0.714628
-0.850611
-0.822984
-0.821141
-0.848367
-0.825491
-0.853268
-0.00818529
-0.125838
-0.122335
-0.0913744
-0.0940277
-0.0887488
-0.0952371
-0.00655867
-0.275864
0.901545
0.904402
0.898389
-0.00492377
-0.284133
-0.492538
-0.00328478
-0.00164197
-0.906999
-0.916295
-0.904487
-0.909137
1.42E-06
-0.573973
-0.572521
-0.606958
-0.537022
0.00164481
0.787856
0.0032876
-0.339345
-0.348925
-0.358612
0.00492657
-0.385181
-0.292749
-0.856677
-0.871211
-0.368036
0.00656141
-0.37763
0.825494
0.00818795
-0.387522
0.00980211
-0.396933
0.0114017
0.277089
0.243603
0.250454
0.284085
0.237103
0.268844
0.895039
0.887303
0.891318
0.900022
0.883078
0.889797
0.210546
0.205844
0.861181
0.0129829
0.0145427
0.884565
0.101905
0.0160764
-0.0826721
0.0175788
-0.0760609
0.0190425
0.891483
-0.0686628
0.0204625
-0.0604378
0.0218333
0.0231481
0.0244003
-0.0214359
-0.01075
0.0255832
5.81E-05
0.0266904
0.227838
0.197127
0.0108669
0.258783
-0.872213
-0.868962
-0.875291
0.0277159
0.0215553
0.0286544
-0.892466
-0.892634
-0.891647
0.430274
0.428972
0.430287
0.39366
0.910607
0.0295011
0.0420676
0.0516323
0.0302522
0.0607148
0.0309046
0.875318
0.641029
0.0314564
0.0774485
0.0852416
0.0319068
-0.754617
-0.765458
0.0322559
0.458059
0.4602
0.0325054
0.0326589
-0.124784
0.0327188
0.0326884
0.0325748
0.0323834
0.276269
0.262474
0.0321189
0.878778
0.874249
0.251687
0.031789
-0.901627
-0.898442
0.24364
0.0314008
0.238089
0.0309611
0.234634
0.531004
0.0304769
-0.796802
-0.830535
-0.797163
-0.830863
0.029955
0.235796
0.238955
0.496834
0.461634
0.0294018
0.0288236
0.426195
0.390852
0.0282262
0.83375
0.824459
0.842755
0.027615
0.026995
0.0263708
0.0257465
0.142011
0.302077
0.311221
0.0251256
0.320552
0.0245114
0.0354986
0.0239065
0.339477
0.349051
0.0233132
-0.790378
-0.744744
-0.777084
0.0227335
-0.106367
0.0221689
0.0216207
0.0210896
-0.743964
-0.772397
0.0205765
0.844082
0.859778
0.823272
-0.794436
0.0200814
-0.809921
0.71466
0.703987
0.724919
0.0196052
-0.818792
-0.791521
-0.745884
0.0191471
-0.73173
-0.727862
-0.688265
-0.693462
0.0187082
-0.817146
-0.807139
0.497866
0.460801
0.534162
-0.723586
-0.683187
-0.759675
0.0182862
-0.791619
0.0178843
-0.771078
-0.530956
0.0174961
-0.746068
0.0171315
-0.717172
-0.597137
0.0167726
-0.685254
0.0164468
-0.650451
0.0160964
-0.792395
-0.747333
-0.613766
0.0157744
0.0153338
0.0148629
-0.810805
-0.0607578
-0.0303075
-0.319648
-0.285266
0.0690503
0.744449
0.755354
-0.000890594
0.0175969
0.765705
0.0133683
0.775338
0.0129728
0.784984
0.0113454
-0.585713
-0.641783
-0.642642
-0.586107
-0.641703
-0.586118
0.0104948
0.805092
0.81494
0.773643
0.795356
0.745485
0.00946081
0.00871076
0.44338
0.00796758
0.851413
0.00732315
0.859659
0.00671869
0.867427
-0.00943804
0.00616057
0.874643
0.00561904
0.00509739
0.131249
0.00458531
0.899749
0.896473
0.00408257
-0.251419
-0.244167
-0.276822
-0.211812
0.901975
0.00358267
0.90306
0.00308453
-0.392038
-0.365781
0.714778
0.681597
0.647868
0.640507
0.653933
0.902915
-0.860929
0.00258613
0.658071
0.693178
0.692982
0.690309
0.658919
0.203464
0.1997
0.168866
0.165724
0.238478
0.234348
0.901447
0.739577
0.770473
0.705072
-0.890649
-0.863837
-0.889396
-0.862877
-0.864563
-0.891746
0.00208686
0.898564
-0.816444
0.00158581
-0.831735
-0.845198
-0.81599
-0.694607
-0.647162
-0.650362
-0.692479
-0.642812
0.00108328
0.888218
0.880604
0.180364
0.000578816
0.871258
7.11E-05
0.860113
-0.000439444
0.847132
-0.000949215
0.832291
0.690459
0.686215
-0.00145835
0.815567
0.529487
-0.00196793
0.796967
-0.00247806
0.77653
-0.00298777
-0.767948
-0.743872
-0.756992
0.754295
-0.00349634
0.730337
-0.00400289
0.20544
0.704747
-0.54495
-0.552053
-0.53921
0.790631
0.789419
0.746491
-0.0045064
-0.65411
-0.624315
0.677634
-0.00491737
0.649121
-0.831548
-0.832384
-0.00541941
0.407321
0.398541
0.363142
0.370712
0.433283
0.443409
0.280855
0.277743
0.241976
0.24486
-0.00591906
-0.726707
-0.726301
-0.312209
-0.00641437
0.82927
0.83048
0.82792
0.788566
-0.848566
0.52389
-0.694969
-0.696196
-0.694448
-0.526915
-0.539298
-0.118513
-0.148968
0.717161
0.684909
0.746106
-0.00690616
0.490503
0.803649
-0.513439
0.000147249
0.000164381
-0.0311616
-0.0319506
0.0315656
0.0323029
-0.00739529
0.45607
-0.45772
-0.428148
-0.00788147
0.421337
-0.00836943
0.386552
-0.00885573
-0.00935641
-0.33959
-0.315697
0.783292
0.756476
0.246864
-0.19685
-0.174172
-0.221033
0.342582
0.339688
0.310434
0.301997
0.384379
0.373972
-0.00986189
7.15E-05
0.173747
0.208469
0.139008
0.211561
-0.0104171
0.17626
-0.180148
-0.0109709
0.140975
0.113621
0.101994
-0.011635
0.105714
-0.0246196
-0.0259109
-0.0122878
0.0704766
0.0352567
0.0291204
-0.000101071
8.79E-05
0.0306311
-3.79E-05
0.0281509
-0.459014
0.582665
0.613937
0.549313
0.0122655
-0.035164
-0.0703844
0.0116139
0.0109516
0.229373
0.23815
-0.140885
-0.17617
0.0103996
-0.745707
-0.759627
-0.727223
-0.739483
-0.760991
-0.777154
-0.211473
0.403085
0.36288
0.354213
0.41095
0.371138
0.833798
0.832293
0.834466
0.191952
0.00984663
0.479312
0.513449
0.465473
0.498853
0.526678
0.492416
-0.246779
-0.294824
0.00934331
-0.282065
0.00884466
-0.317296
0.291457
0.351606
0.571679
0.602543
0.538684
-0.720547
-0.732147
0.00836015
-0.791942
-0.791907
0.559304
0.177422
0.146013
-0.419492
-0.796945
-0.77651
-0.815542
0.00787386
0.849351
0.823363
0.00738917
-0.234772
-0.456499
0.421277
0.408951
0.00690129
-0.49045
0.00641051
-0.523843
0.00591614
0.00541733
0.00491599
0.251222
0.23524
-0.677613
-0.704728
0.073853
0.00450569
-0.730319
-0.910845
0.00400285
-0.754277
0.00349689
0.745988
0.759793
0.77733
0.76133
0.739485
0.727324
0.456996
0.468883
0.444473
0.00298885
-0.427342
-0.424055
-0.464208
-0.461042
-0.390438
-0.387088
0.00247953
-0.616442
-0.669106
-0.624324
-0.675126
-0.609148
-0.663478
0.00196966
-0.847097
-0.860072
-0.250679
-0.22181
0.00146021
-0.708971
0.206589
-0.021426
-0.329708
0.000951582
-0.0232501
0.694872
0.695148
-0.830659
0.000442644
-0.901356
-0.28316
-0.319542
-6.77E-05
-0.902813
-0.178888
-0.178783
-0.180941
-0.000575507
-0.693041
-0.724195
-0.690001
-0.717629
-0.692963
-0.727448
-0.902948
0.553188
0.558291
0.548394
0.0328843
0.0335321
0.06575
0.0670539
9.48E-05
8.57E-05
-0.00107986
0.722586
0.711329
0.869401
0.35152
0.318056
-0.00158225
-0.00208313
0.325326
0.31519
0.335511
-0.89208
-0.00258241
-0.00308087
-0.00357901
-0.867221
-0.00407899
-0.85944
-0.00458174
-0.851178
-0.00509383
0.489805
0.450206
-0.0515015
-0.00561533
-0.833481
-0.824173
-0.00615638
-0.0419403
-0.031875
-0.00671395
-0.804923
-0.795086
-0.865212
-0.865722
-0.00731781
-0.785173
-0.00796134
-0.759098
-0.713596
-0.709734
-0.756503
-0.717859
-0.761404
-0.775229
0.865196
0.865769
0.864172
0.863014
0.861628
-0.00870414
-0.655551
-0.683242
-0.672579
-0.00945315
0.0319971
-0.010486
-0.0113324
-0.681581
-0.0129571
-0.419757
-0.456866
-0.382797
0.860182
0.826699
0.858386
0.82544
0.293552
0.231081
0.214336
0.069283
-0.0133442
0.293171
-0.0175959
0.536039
0.574968
0.000998323
0.0931567
0.613138
-0.900274
-0.649098
-0.619319
0.0215783
0.650187
-0.392857
-0.795999
-0.751771
-0.793981
-0.749373
-0.797203
-0.754251
0.00356444
-0.00640388
-0.705889
-0.692465
-0.712016
-0.330077
-0.312544
0.39091
-0.0119711
0.771163
0.791754
0.807324
0.23399
0.233561
0.0118995
0.817385
0.00641836
-0.232325
-0.215271
-0.253412
0.821395
-0.00353975
-0.577758
-0.570291
-0.585337
0.819148
-0.749519
-0.709271
-0.714188
-0.753426
-0.704829
-0.747647
0.810429
-0.760325
-0.763981
-0.760868
-0.0218634
-0.278074
-0.289436
-0.246861
-0.257831
-0.310879
-0.322121
-0.0225409
-0.592602
-0.60014
0.587979
0.644621
0.586409
0.642792
0.647004
0.590294
-0.0231763
-0.0236552
-0.887619
-0.861704
-0.0241718
-0.0246566
-0.025186
0.886941
-0.0257252
0.648357
0.69742
0.651028
0.698849
0.646234
0.696378
0.279398
0.265806
0.247675
0.235349
0.312713
-0.165592
-0.0262977
0.345372
0.309404
0.382171
-0.0268903
-0.0275117
0.330002
-0.28095
-0.0281577
-0.553055
-0.548189
-0.558183
-0.0288316
0.770182
0.789445
-0.412425
-0.424943
0.748453
-0.0295316
-0.392115
-0.0302588
-0.365999
-0.0310123
0.580993
0.542605
0.618345
-0.0317919
-0.35613
-0.0879208
-0.0939798
-0.0657233
-0.0702133
-0.110418
-0.118137
0.589205
-0.0325963
-0.0334244
-0.870277
-0.0342743
-0.0668976
-0.100588
-0.0333652
-0.821128
-0.201978
-0.0351436
0.6966
-0.192098
-0.0360296
-0.185208
-0.0369289
-0.0378374
-0.0387506
-0.180386
-0.0396631
-0.0405689
-0.192447
-0.187234
-0.0414614
-0.336914
-0.306996
-0.198443
-0.0423334
-0.575892
-0.0431766
-0.833896
-0.83433
-0.833052
-0.0439827
-0.181514
-0.16762
-0.194293
-0.426436
-0.0447425
0.733814
-0.892492
-0.716479
-0.690513
-0.658049
-0.0454465
-0.0460846
-0.046647
-0.0471237
0.891591
0.892408
-0.0475044
-0.295423
-0.305407
-0.624363
0.892665
-0.786737
-0.788113
-0.786296
-0.315373
0.794882
-0.047778
-0.325132
-0.0479372
-0.335049
-0.885856
0.634642
0.66216
-0.0479744
-0.345209
-0.0478797
0.743836
0.4967
0.503398
0.464711
0.457485
-0.355236
0.0706842
0.0673013
0.884918
0.887076
-0.047648
0.88878
0.428587
-0.0472758
-0.046758
-0.0460922
-0.0621015
-0.0571093
-0.0452783
0.881236
-0.0509485
-0.0443175
-0.23564
-0.204576
-0.0438284
-0.0432128
0.887128
0.892236
-0.0359288
-0.0419684
-0.0274287
0.912844
0.91288
0.912186
-0.0405901
-0.0184983
-0.313779
-0.309718
-0.0390849
-0.00928903
0.514906
0.504153
-0.0374607
5.67E-05
-0.0357261
0.00940338
-0.0338905
0.89418
-0.0319635
-0.0299546
0.0439624
-0.0278734
0.0511637
-0.0257292
0.0575547
-0.0235305
0.0630131
-0.0212858
0.523343
-0.0190021
0.597039
0.600222
0.593958
-0.0166869
0.426385
0.640055
0.636925
0.606983
0.603991
0.671548
0.667925
-0.0143449
0.841056
0.423541
-0.0119818
-0.728333
-0.741227
-0.529037
-0.531342
-0.52796
0.111454
0.11543
-0.00960072
-0.00720743
-0.00480826
-0.432731
-0.449883
-0.00240384
-0.890078
-0.887613
0.201438
-0.265147
-0.296814
0.698164
0.700314
0.724334
0.727731
0.717864
2.08E-06
0.431013
0.415812
0.449874
0.19183
0.002408
0.185094
0.00481239
0.180993
-0.535954
-0.532883
-0.539575
0.892615
0.866164
0.865976
0.891726
0.796538
0.794147
0.769185
0.760693
0.00721152
0.178994
0.00960474
-0.235002
-0.644199
-0.697691
-0.64641
-0.699973
0.0119857
0.0143486
0.18351
0.187675
0.0166903
-0.0815365
-0.102285
-0.0610071
0.0190052
0.0212888
0.53461
0.531315
0.0235344
0.105869
0.0257342
0.0278778
0.256616
0.266145
0.0299577
0.275912
0.0319659
4.64E-05
-0.587436
-0.589677
0.0338925
-0.105623
0.796703
0.797294
0.817965
0.819624
-0.589396
-0.587927
-0.591498
0.0357278
-0.583316
-0.592582
-0.558785
-0.55026
-0.317052
0.0374622
0.0390863
0.0405914
-0.733283
-0.763062
0.0419696
-0.786151
0.043214
-0.802752
0.0443189
-0.812748
0.04528
-0.598655
-0.594561
-0.602603
0.0460942
-0.600912
-0.813339
-0.804531
0.569622
0.0467604
-0.790235
0.0472787
-0.564459
-0.873466
-0.879465
-0.865876
-0.770926
-0.556546
0.0476515
-0.747142
0.0478837
-0.719443
0.906914
0.0479791
-0.588419
0.909081
-0.688392
0.0479426
-0.654568
0.0477841
-0.618897
0.0475113
0.0471314
0.344978
0.0466555
0.681859
0.692915
0.0460939
-0.832262
0.0454565
0.0447535
0.0439946
0.735263
0.0431896
-0.754329
-0.777309
-0.728962
0.744969
0.0423473
0.0375169
0.0562699
0.0187821
0.755246
0.0414764
0.766118
-0.168734
0.0405848
-0.353639
0.450842
0.456582
0.493421
0.487265
0.419347
0.414038
0.776664
0.0750782
0.0816574
0.102424
0.0940145
0.0396799
0.786803
-0.615973
0.0387682
-0.278461
0.0378559
0.806449
0.81583
0.0369482
0.824825
0.0360498
0.833362
0.0351646
0.841365
0.0342962
-0.632408
-0.640356
0.848753
0.0334472
0.855443
0.03262
-0.842504
0.861345
0.0318166
-0.264106
0.563243
0.611205
0.607752
0.0310381
0.875214
0.528258
0.529292
0.0703619
0.0302856
-0.814635
0.87578
0.0880383
0.110551
0.0295595
0.874999
0.0288608
0.872783
0.0281884
0.869051
0.0275441
0.863726
-0.300678
-0.267742
-0.333573
0.0269245
0.026334
-0.599341
-0.565141
0.848004
0.837491
-0.631675
0.346952
0.364878
0.0257639
-0.413494
0.0252274
0.0247005
0.0242195
0.0237059
0.757454
0.02323
0.292146
0.326468
-0.0544515
-0.0271541
-0.0820056
0.0225913
0.021906
-0.865554
-0.845708
-0.862086
-0.843462
-0.819265
-0.818268
0.70322
0.701225
0.673201
0.728842
0.731336
-0.00618521
0.0225804
0.0190371
0.0184456
0.0163771
0.0151656
0.816123
0.0137359
-0.285433
0.0126501
0.59312
0.649779
0.653846
0.597566
0.0115886
0.654452
0.0106546
0.243151
0.00977857
0.381192
0.396003
0.346968
0.360989
-0.156981
-0.168088
-0.878439
0.00896594
-0.64124
-0.64141
-0.640777
0.0081775
0.545295
0.00741623
0.75748
0.754279
0.777337
0.781317
0.00666852
-0.0346947
-0.377522
-0.340959
-0.414468
0.00593352
0.00520231
0.00447303
-0.697616
0.00374305
0.00301148
0.00227718
0.00154053
0.000800783
5.61E-05
0.615845
0.638888
-0.345474
-0.000692504
-0.380025
-0.00144021
-0.448047
0.912211
0.910742
-0.00218714
-0.00293484
-0.00368333
0.703061
0.706304
0.273927
-0.00443125
-0.18321
-0.00517751
-0.0374093
-0.0406028
-0.0186777
-0.0202633
-0.0561567
-0.00592079
-0.304944
-0.00666034
0.856519
0.845286
-0.00726253
-0.853837
-0.612947
-0.660005
-0.607347
-0.654071
-0.618997
-0.665332
-0.00799875
-0.625137
-0.67112
-0.67737
-0.632149
0.850617
0.82253
0.851795
0.821776
-0.00873221
-0.858606
-0.85521
-0.0641336
-0.0625378
-0.0964285
-0.00945938
-0.0101814
-0.0108996
-0.0116134
-0.0123295
-0.0130438
0.670413
-0.0137781
-0.653273
-0.705957
0.160446
0.168297
0.188379
0.132971
0.140399
-0.0145205
-0.701355
-0.697177
-0.724004
-0.671637
-0.66805
-0.0153324
-0.0161471
0.669233
0.717891
0.663466
0.713814
0.675132
0.721757
-0.0171166
-0.0180749
-0.0684006
-0.0657782
-0.0702299
-0.7643
0.018042
0.728605
0.72754
0.0645785
0.0170856
-0.451361
-0.0655789
-0.0326976
-0.560494
-0.0986378
0.0161188
0.0153068
0.882627
0.88021
-0.8199
-0.831567
-0.805837
-0.815584
0.0144981
-0.806187
0.723894
0.0137589
-0.69439
-0.796473
0.0130275
0.0123159
0.0116022
-0.346072
0.0108906
0.0101743
0.00945371
-0.828194
-0.797167
0.00872792
0.0079957
0.00726052
0.0066593
0.00592074
0.830991
0.00517832
0.00443282
-0.17398
-0.144107
0.00368548
0.00293737
0.697003
-0.145083
0.0021899
-0.0326508
0.0014437
-0.647656
-0.69018
-0.686272
0.603975
0.00069716
-5.13E-05
-0.000795917
-0.00153548
-0.787181
-0.00227195
0.355436
-0.00300601
-0.599274
0.398777
-0.376863
-0.343456
-0.40676
-0.00373758
-0.00446765
-0.00519692
0.247282
-0.00592826
-0.528771
-0.530389
-0.00666326
-0.00741096
-0.470692
-0.457827
-0.505408
-0.492729
-0.00817197
0.285754
-0.0749556
-0.0938768
-0.00895972
0.29558
0.305426
0.764065
0.763169
0.763665
-0.00977152
-0.0106466
-0.0115794
-0.0126403
0.872342
0.875178
-0.0137246
-0.791288
-0.817488
-0.0151521
-0.0163578
-0.799969
-0.832422
-0.829921
-0.799479
-0.833902
-0.799491
-0.0184226
-0.0190025
0.82508
0.804853
-0.816208
0.833933
-0.0225721
0.00635574
0.0328895
0.00592366
-0.0114669
-0.0230606
0.616542
0.624267
0.609371
-0.602852
-0.597394
-0.586905
-0.641753
0.0229219
-0.58166
-0.10505
-0.109938
-0.0783856
-0.132125
-0.138284
0.0114969
-0.258167
-0.00586759
0.797939
0.806077
0.816095
-0.0302917
-0.0312135
-0.0320762
-0.0327402
-0.480419
-0.515863
-0.0334511
-0.0341238
0.743697
0.743412
0.695634
0.787716
0.786897
7.82E-05
-0.034854
-0.847845
-0.843919
-0.833037
-0.83562
0.602992
0.658133
-0.0355994
-0.0363889
-0.0372067
0.796753
-0.0380636
-0.0389544
-0.039883
-0.0408476
0.705536
0.716154
0.690273
0.680817
-0.0418492
-0.0428867
-0.0439597
-0.0450664
-0.527922
-0.0462052
-0.0473735
-0.048568
-0.0497848
-0.0510192
-0.0522655
0.217138
-0.0535175
-0.658066
-0.639134
-0.0547678
0.856732
-0.0560081
-0.0572293
-0.0584212
0.529665
-0.059573
-0.0606727
0.100727
-0.0617079
-0.0626656
0.327532
-0.0635321
-0.0642938
0.68831
-0.064937
0.834043
-0.0654479
0.528038
-0.0658114
-0.0660173
-0.861897
-0.864077
-0.834312
-0.858767
-0.0660551
-0.854405
-0.065912
-0.0655812
-0.0650572
-0.31019
-0.0643338
0.630415
0.655152
-0.0634075
0.803018
0.822358
-0.0622784
-0.0609483
-0.0594212
-0.0577031
-0.0558021
0.104264
-0.0537275
0.748137
0.749813
-0.0514902
-0.0491023
-0.0465763
-0.0439253
-0.0411626
-0.0383011
-0.16712
-0.196566
-0.0353534
-0.0323314
-0.0292464
0.568594
0.614163
-0.0261082
-0.0229269
-0.0197089
-0.0164621
-0.0131906
-0.00990225
-0.00660607
-0.00330298
2.87E-06
0.00330872
0.00661177
-0.325404
-0.293064
0.00990789
-0.728303
-0.727553
0.0131961
0.0164674
0.181498
0.194396
0.207466
0.22194
0.157003
0.168231
0.019714
-0.790273
-0.761843
-0.794666
-0.763682
-0.783216
-0.75761
0.0229315
0.0261125
0.0292506
-0.0997376
-0.125339
-0.0744903
0.0323367
-0.187758
-0.178426
-0.206015
-0.216924
-0.15151
-0.159577
0.0353603
0.0383071
0.0411669
0.0439286
0.046579
0.0491046
0.0514923
0.0537294
0.574009
0.0558038
0.0577048
0.0594229
0.0609502
0.910799
0.0622807
-0.884103
0.0634102
0.263295
0.256884
0.298489
0.291438
0.064337
0.831675
0.0650612
0.741372
0.0655859
0.0659175
0.0660615
0.0660246
0.0658197
0.0654573
0.670322
0.0649476
0.0643054
0.08846
0.0586681
0.0610988
0.0917013
0.0635447
0.0626794
0.0617229
-0.142757
-0.129054
0.060689
0.0595907
-0.0520482
0.0584404
0.269005
0.30458
0.0572498
0.05603
0.788351
0.744822
0.0547908
0.0535417
0.0522909
0.0510457
-0.813416
-0.803893
-0.692998
-0.820653
0.0498125
0.0485969
0.586157
0.0474036
0.0462366
0.0450991
0.0439937
0.0429222
0.0418862
0.0408861
0.0399233
-0.131947
0.0389967
-0.878389
-0.855847
-0.881193
-0.858134
-0.719064
0.0381082
-0.750885
-0.773501
0.0372539
0.036439
0.0356527
0.0349111
0.0341844
0.167847
0.14527
0.191838
0.0335167
0.0328101
0.0321501
0.0312835
0.0303516
-0.0149826
0.0258442
-0.856518
0.0248166
0.134639
0.0244069
0.0220578
0.0204911
0.0186622
0.0172013
0.0157873
0.0145231
0.0133353
0.0122275
0.0111519
0.0101104
-0.680951
-0.725105
-0.721712
0.00908668
0.0080788
0.00707536
0.00607347
0.00507002
0.00406383
0.00305365
0.00203992
0.151949
0.125848
0.178645
0.00102152
-3.81E-06
-0.00103463
-0.00206432
-0.00309323
-0.00412336
-0.569632
-0.603966
-0.534177
-0.00515463
-0.00618518
-0.00721346
-0.13451
-0.00823762
-0.00925778
-0.0100862
-0.0110999
-0.012111
-0.0131136
-0.0141092
-0.0150994
-0.0160836
-0.0170706
0.376991
-0.0180557
-0.0190669
-0.0200907
-0.0212048
-0.0223302
-0.894961
-0.0236586
-0.707638
-0.693957
-0.0249774
0.0249317
0.0236158
0.0222912
0.53932
0.0211696
0.0200599
0.529672
0.0190405
0.0180333
0.479206
0.0170518
0.118307
0.0160682
0.015087
-0.756863
0.0140993
0.680908
0.725108
0.0131058
0.012105
0.0110957
0.0100834
0.00925638
0.00823755
0.00721457
0.00618734
0.00515758
0.00412686
0.00309707
-0.0460011
0.00206915
0.00104098
1.05E-05
-0.0010148
-0.00203293
-0.00304642
-0.00405629
-0.00506247
-0.00606605
-0.797862
-0.00706793
-0.00807154
-0.00907941
-0.0101031
-0.0111441
-0.0122187
-0.0133254
-0.0145119
-0.0157745
-0.0171876
-0.0186463
-0.0204715
-0.0220308
0.890533
-0.0243744
-0.0247702
0.836661
0.848287
0.683688
0.707867
0.673175
0.694035
-0.0258221
0.0152313
-0.83765
-0.851611
0.0463601
0.133527
0.143011
0.118322
0.00880491
-0.018339
-0.0390092
-0.564016
0.0387782
0.0183895
-0.00870606
0.797087
0.767538
-0.0404003
-0.0415974
-0.817867
-0.0427192
-0.0436033
-0.0445434
-0.0698023
-0.0454416
-0.0464103
0.642934
0.669275
-0.0474011
-0.0484483
0.632361
-0.0495336
-0.0506696
-0.0518505
-0.0530809
-0.0543586
0.482621
-0.0556847
-0.0570578
0.206231
-0.0584771
-0.0599405
-0.0614455
-0.0629886
-0.0645655
-0.0661708
-0.0677983
-0.0694406
-0.071089
-0.072734
-0.0743644
-0.0759682
-0.077532
-0.0790413
0.246927
0.21812
-0.0804805
0.276101
-0.0818332
-0.0830821
-0.0842094
-0.0851973
-0.0860277
-0.0866826
-0.0871426
-0.0873939
-0.0874226
-0.883691
-0.087213
-0.865387
-0.86599
-0.0867561
-0.0860444
-0.08507
-0.0838288
0.656133
0.648905
-0.082321
-0.080549
-0.0785183
0.123562
-0.076237
-0.0737155
-0.0709663
-0.0680039
-0.0648439
-0.061503
-0.860905
-0.859922
-0.0579982
0.543767
-0.054347
-0.0505663
0.334508
0.326726
0.841903
0.822448
-0.0466726
-0.0426815
-0.0386078
-0.0344642
-0.0302641
-0.0260159
0.617838
0.659554
0.621321
0.662468
0.657466
-0.02173
-0.0174116
-0.770143
-0.748353
-0.789297
-0.0130706
-0.00871988
-0.00436026
3.80E-06
0.00436786
0.00872742
-0.358871
0.0130781
0.0174189
0.34029
0.021737
0.0260227
-0.487835
0.0302703
0.03447
-0.639004
-0.645791
0.0386134
0.0426885
0.0466816
0.0505741
0.0543528
0.0580027
-0.114431
0.0615066
0.0648471
0.0680067
-0.866042
0.0709689
0.0737178
0.0762392
0.738538
0.703255
0.770005
0.0785206
0.0805515
0.0823239
0.0838324
0.0850742
0.0860495
0.0867622
-0.430013
-0.465206
-0.394595
0.0872202
0.087431
0.0874035
-0.534568
0.0871535
0.0866949
-0.0494319
0.0860415
0.0852125
0.0842261
0.0831002
0.0818529
0.0805019
0.0790645
0.856121
0.0775571
0.0759952
0.0743931
0.0727643
0.0711209
0.65346
0.700502
0.655214
0.700724
0.0694739
0.0678333
0.0662073
0.0646036
0.0630284
4.33E-05
0.061487
0.0599837
-0.493671
0.0585222
0.0571048
0.0557337
0.0544096
0.0531343
0.0519066
0.0507287
0.0495961
-0.0466569
0.0485147
0.0474718
0.0464859
0.0455219
0.709818
-0.699531
0.0446303
-0.676579
0.0436958
0.042817
0.0416908
0.0404818
-0.0278519
0.0259764
0.0299857
0.0306671
0.0283053
0.573166
0.578079
0.0264511
0.0242554
0.0223954
0.0206023
0.0189707
-0.797939
0.017431
0.0159851
0.618578
0.623661
0.0145788
0.0132127
0.0118678
0.0105413
0.0092192
0.00789733
0.00657228
0.00524268
0.00390735
0.00256685
0.820034
0.00121953
-0.00013743
-0.00150165
-0.00286454
-0.00422681
-0.00559107
-0.00695692
-0.00832192
-0.00968395
-0.0110405
0.209184
-0.0123936
-0.0134886
-0.0148302
-0.0161702
-0.0174993
-0.018819
-0.0201317
-0.0214364
-0.0227441
-0.0240503
-0.0437134
-0.0218054
-0.0253886
0.583225
0.587395
-0.745022
-0.0267455
-0.028214
-0.0297079
-0.0314564
-0.0331976
0.743179
0.786008
0.662024
0.0331365
0.0313996
0.0296562
0.0281674
0.54522
0.552282
0.0267048
0.0253537
0.0240207
0.0227192
0.021416
0.0201152
0.0188059
0.017489
0.0161623
0.895069
0.0148246
0.0134849
0.0123917
0.0110405
0.00968543
0.00832477
0.00696082
0.00559572
0.00423196
-0.0614482
0.00287096
0.00150996
0.000146217
-0.0012106
-0.00255755
-0.00389775
-0.00523269
-0.00656227
0.86539
0.83449
-0.00788749
-0.00920934
-0.0105316
-0.0118581
-0.0132028
-0.0145683
-0.0159733
-0.0174176
-0.0189555
-0.0205853
-0.022377
-0.0242338
-0.0264239
-0.0282688
-0.0306222
-0.0299244
-0.0259326
-0.841588
-0.839699
0.0281829
0.061976
0.0120627
-0.0272275
-0.0600532
0.0596997
0.0273145
-0.011896
-0.0525282
-0.0540254
-0.0554385
-0.0565825
-0.0577923
-0.0589605
-0.0602118
-0.0614946
-0.0628467
-0.0642489
-0.0657151
-0.0672389
-0.0688256
-0.0704727
-0.0721814
-0.0739497
-0.0757765
-0.0776589
-0.497824
-0.529789
-0.0795937
-0.0815761
-0.0836006
-0.0856602
-0.0877466
-0.0898502
-0.09196
-0.0940632
0.889938
-0.0961457
-0.0981919
-0.100185
-0.102105
-0.103933
-0.105648
-0.107228
-0.10865
-0.10989
-0.110927
-0.111738
-0.112298
-0.112588
-0.112592
-0.112291
-0.111672
-0.110727
-0.109446
-0.107824
-0.105861
-0.10356
-0.10093
-0.0979801
-0.094724
-0.091178
-0.0873603
-0.083291
-0.0789914
-0.0744834
-0.069789
-0.0649297
-0.0599267
-0.0547996
-0.0495674
-0.0442463
-0.038853
-0.0333986
-0.0278962
-0.0223524
-0.0167788
-0.0111939
-0.00559794
4.91E-06
-0.651963
0.00560773
0.0112037
-0.500847
0.0167884
0.0223618
0.0279054
0.0334073
0.038861
0.0442537
0.0495747
0.0548087
0.059938
0.0649397
0.0697963
0.0744892
0.0789962
0.0832951
0.0873639
0.0911812
0.0947271
0.097983
0.100933
-0.543686
0.103564
0.539978
0.105864
0.107828
0.109452
0.110734
0.11168
0.1123
0.112603
0.1126
0.112311
0.111754
0.110945
0.10991
0.108671
0.107251
0.105673
0.103961
0.102135
0.100217
0.0982264
0.0961824
0.094102
0.0920007
0.089893
0.0877914
0.0857071
0.0836496
0.839451
0.0816272
0.0796469
0.0777144
0.0758345
0.0740102
0.0722445
0.0705386
0.0688945
0.0673113
0.0657913
0.0643296
0.0629324
0.0615858
0.0603093
0.0590642
0.0579042
0.0567018
0.0555647
0.0541472
0.0526373
-0.0454056
0.0210623
0.0334341
0.0367558
0.0349018
0.0329298
0.0304667
0.0282181
0.0260374
0.0240128
0.0220858
0.0202603
0.0184787
0.0167406
0.0150258
0.0133306
0.0116383
0.00994325
0.00824216
0.00653357
0.00481679
0.0030927
0.00135877
-0.000388553
-0.00214531
-0.00390038
-0.00565528
-0.00741348
-0.00917389
-0.0109333
-0.0126891
-0.0144378
-0.0161849
-0.0175926
-0.0193201
-0.0210487
-0.0227638
-0.0244664
-0.0261601
-0.0278436
-0.0295298
-0.0312154
-0.0329387
-0.0346883
-0.03657
-0.0384987
-0.0407363
-0.0429694
0.0428899
0.0406629
0.0384321
0.0365101
0.0346359
0.0328938
0.0311772
-0.362361
0.0294977
0.0278173
0.0261388
0.0244495
0.0227504
0.123095
0.0210386
0.019313
0.017588
0.0161825
-0.445435
-0.358759
0.0144378
0.012691
0.010937
0.00917891
0.00741949
0.005662
-0.07924
0.00390865
0.00215589
0.000399833
-0.00134722
-0.00308066
-0.00480438
-0.00652067
-0.22668
-0.00822921
-0.00993056
-0.0116256
-0.0133181
-0.0150132
-0.0167277
-0.0184649
-0.0202448
-0.022068
-0.0239926
-0.0260152
-0.0281939
-0.0304381
-0.032893
-0.0348535
-0.0366956
-0.0333501
-0.0209857
0.0457969
-0.443942
0.0799574
0.126199
0.0162421
0.0946906
-0.0381082
0.0630029
-0.0857421
-0.479062
0.0852677
0.0382294
-0.0160487
-0.0670839
-0.0688916
-0.0706273
-0.0720756
-0.0736015
-0.0750922
-0.0766775
-0.0783064
-0.0800186
-0.0817951
-0.0836503
-0.0855782
-0.087584
-0.0896654
-0.0918231
-0.0940548
-0.0963588
-0.0987312
-0.101168
-0.103663
-0.106208
-0.108796
-0.111414
-0.114052
-0.116695
-0.119326
-0.121928
-0.124481
-0.126964
-0.129352
-0.131621
-0.133745
-0.135695
-0.137443
-0.138961
0.129308
-0.140221
0.0967042
-0.141194
-0.14185
-0.142166
-0.142121
-0.141692
-0.140867
-0.139631
-0.137973
-0.135889
-0.133379
-0.130447
-0.127104
-0.123362
-0.119239
-0.114754
-0.109931
-0.104795
-0.099373
-0.0936912
-0.0877776
-0.081659
-0.0753617
-0.06891
-0.0623275
-0.0556343
-0.0488513
-0.0419922
-0.035074
-0.0281034
-0.0210942
-0.0140734
-0.00703875
6.20E-06
0.00705113
0.0140857
0.0211064
0.0281153
0.100164
0.0350855
0.0420032
0.0488615
0.0556437
0.0623366
0.0689214
0.0753757
0.0816714
0.087787
0.0936986
0.099379
0.132121
0.104801
0.0987779
0.109936
0.114758
0.119243
0.123366
0.127108
0.130451
0.133383
-0.498812
0.135894
0.13798
0.139639
0.140876
0.141703
0.142134
-0.523706
0.142182
0.141867
0.141213
0.140242
0.138985
0.13747
0.135724
0.133776
0.131655
0.129389
0.127004
0.124524
0.121974
0.119374
0.116746
0.114106
0.111471
0.108855
0.10627
0.103727
0.101235
0.0988012
0.0964319
0.0941313
-0.76392
-0.797871
0.0919029
-0.763093
0.0897487
0.0876712
0.0856697
-0.798497
0.0837467
0.0818971
-0.702591
0.0801269
-0.789794
0.0784217
0.0768007
0.0752233
0.0737428
0.0722263
0.070787
0.0690481
0.0672284
0.653537
-0.0678462
0.00900317
0.0334764
0.0416851
0.041317
0.0396296
0.0371243
0.0345673
0.0320276
0.0296109
0.0272765
0.0250376
0.0941613
0.0228395
0.0206826
0.0185479
0.0164312
0.0143134
0.0121868
0.0100493
0.692263
0.676644
0.00789953
0.71224
0.733245
0.00573797
0.728678
0.00356633
0.00138056
-0.000824012
-0.00304086
-0.00525521
-0.00747028
-0.00969095
-0.0119147
0.761678
0.799933
-0.0141374
0.759432
0.799539
-0.0163557
0.75693
0.798666
-0.0185652
0.754378
0.797364
-0.0207767
0.751837
0.795861
-0.022652
-0.0247293
-0.026915
-0.0290847
-0.0312382
-0.0333802
0.743255
0.785323
-0.0355097
0.743442
0.785012
-0.0376409
0.744217
0.785243
-0.0397726
-0.0419472
-0.0441571
-0.0465177
0.822061
-0.0489548
0.82291
-0.0517568
0.82413
-0.0545617
0.0544601
0.0516638
0.0488707
0.0464422
0.0440911
0.0418905
0.0397245
0.0376004
0.0354763
0.0333533
0.0312168
0.0290678
0.0269023
0.0247202
0.0226462
0.0207739
0.0185651
0.0163581
0.014142
0.011921
0.00969857
0.00747887
-0.529898
-0.0984032
0.0052656
0.00305401
-0.482823
0.000838223
-0.00136591
-0.00355102
-0.00572226
-0.00788321
-0.0100329
-0.0121708
-0.0142973
-0.0164154
-0.0185318
-0.020666
-0.0228216
-0.0250176
-0.0272531
-0.0295847
-0.0319993
-0.0345359
-0.037087
0.698632
-0.039581
-0.041254
-0.0416055
-0.0333616
-0.662255
-0.00887794
0.0682482
0.0993633
0.0213941
-0.791838
-0.0508113
-0.114886
-0.826074
0.114229
0.0510109
-0.0210939
-0.0845542
-0.0866604
-0.0887464
-0.0905479
-0.83028
-0.0924432
-0.094317
-0.0962959
-0.0983335
-0.100469
-0.102686
-0.104998
-0.1074
0.734227
0.697459
-0.109896
-0.112486
-0.115168
-0.11794
-0.1208
-0.123742
-0.126761
-0.129849
-0.132996
-0.136193
-0.139424
-0.142674
-0.145927
-0.149161
-0.152354
-0.155482
-0.158517
-0.16143
-0.164192
-0.166768
-0.169125
-0.171228
-0.173042
-0.649249
-0.174533
-0.175666
-0.176407
-0.176725
-0.176592
-0.175987
-0.174894
-0.173293
-0.171173
-0.168528
-0.165361
-0.161676
-0.157487
-0.15281
-0.147667
-0.142081
-0.136082
-0.133369
-0.129701
-0.12297
-0.115923
-0.108593
-0.101013
-0.0932145
5.07E-05
-0.085228
-0.0770818
-0.0688006
-0.0604096
-0.0519261
-0.0433714
-0.034751
-0.0260808
0.656446
-0.0174009
-0.00870445
0.658064
7.72E-06
0.00871986
0.0174162
0.026096
0.0347658
0.0433858
0.0519397
0.0604223
0.0688124
0.0770932
0.0852422
0.0932316
0.101028
0.108605
0.115932
0.122978
0.129708
0.136088
0.142086
0.644576
0.147671
0.152815
0.157492
0.161682
0.165366
0.168535
0.171181
0.173303
0.174906
0.176001
0.853194
0.176608
0.854842
0.176743
0.856596
0.176428
0.17569
0.174559
0.173072
0.17126
0.16916
0.166806
0.164234
0.161476
0.158566
0.155534
0.15241
0.14922
0.14599
0.142741
0.139493
0.136265
0.133073
0.129928
0.126844
0.123828
0.12089
0.118035
0.115267
0.112589
-0.557337
0.110005
0.107514
0.105118
0.102813
0.100604
0.0984771
0.0964491
0.0944802
0.0926186
0.0907354
0.088946
0.086859
-0.512889
0.0847451
-0.136719
-0.465082
0.432539
-0.0949509
-0.0121949
0.0275721
-0.350289
0.380197
0.0437016
0.0465262
0.0459532
0.0438403
0.0411843
0.0383845
0.0356288
-0.636892
0.0328991
0.0302336
0.0275894
0.0249739
0.0223724
0.0197826
0.0171833
0.014564
0.0119254
-0.841043
0.00926662
-0.848576
0.00659064
0.00390121
0.00119146
-0.00154572
-0.00429893
-0.0070474
-0.00979812
-0.0125587
-0.0153235
-0.0180875
-0.0208461
-0.0235942
-0.026349
-0.0287733
-0.0312557
-0.0339746
-0.036677
-0.271379
-0.0393589
-0.042026
-0.0446777
-0.0473296
-0.0499832
-0.0526832
-0.0554291
-0.0583403
-0.0613645
0.798297
-0.0648079
0.768636
-0.0682841
0.735278
0.698702
0.068156
0.736942
0.701169
0.0646918
0.769594
0.0612599
0.798165
0.0582467
0.0553472
0.0526129
0.0499235
-0.302671
0.0472793
0.0446362
0.0419924
0.0393322
0.036656
0.0339588
0.0312445
0.797846
0.0287661
0.0263455
0.0235941
0.0208492
0.0180932
0.0153314
0.0125682
0.00980891
-0.12121
0.0070601
0.00431495
0.00156343
-0.0011731
-0.00388207
-0.00657108
-0.00924624
-0.592997
-0.0119049
-0.0145442
-0.0171632
-0.0197629
-0.0223521
-0.0249527
-0.0275664
-0.030208
-0.0328686
-0.0355952
-0.038349
-0.0411441
-0.0437922
-0.1234
-0.0458901
-0.0464455
-0.0435952
-0.0274199
0.0123775
4.98E-05
0.0952563
0.122029
0.0310279
-0.0617613
-0.143432
0.142869
0.637073
0.0616839
-0.0313983
0.591157
0.877704
0.831752
0.572531
-0.580596
0.228449
0.200151
0.821054
-0.138578
-0.817663
-0.64008
-0.247791
0.839432
0.665426
0.852313
0.175809
-0.153002
-0.132658
-0.113047
5.17E-05
0.625422
0.113206
0.132842
0.153495
0.864524
0.86949
0.613144
0.621807
0.62514
0.580002
0.569916
0.560558
0.535987
0.908202
0.667917
0.859386
0.628435
0.854042
