-0.0481437
-0.058566
-0.036534
-0.0451671
-0.0608955
-0.0731503
0.11784
0.120171
0.118139
0.115745
0.120986
0.118743
-0.0690304
-0.053851
-0.0854427
0.112465
0.114894
-0.079436
-0.0625018
-0.097649
0.110493
0.108049
0.102578
0.10506
-0.0996758
-0.109313
-0.0793687
-0.0874258
-0.121341
-0.132599
0.0986882
0.0961967
0.0890214
0.0915207
0.0836313
0.0812191
0.072904
0.0752534
0.0666666
0.0643782
0.0556588
0.0578091
-0.155903
-0.161436
-0.131433
-0.12671
-0.186557
-0.192874
-0.166309
-0.13561
-0.198412
0.0535674
0.0621062
-0.793699
-0.781013
-0.677773
-0.680346
-0.891828
-0.866818
-0.170231
-0.138981
-0.202867
-0.17322
-0.14153
-0.206274
-1.10962
-1.12859
-1.10381
-1.13234
-1.09643
-1.10804
-0.176425
-0.144328
-0.209825
0.0485784
0.0465309
0.0397907
0.0381071
0.0553059
0.057533
-0.913232
-0.942117
-0.802478
-0.815603
-0.992683
-1.02788
-1.08492
-1.07177
-0.179432
-0.146974
-0.213145
-0.436972
-0.465377
-0.571019
-0.553767
-0.368036
-0.333238
-0.678969
-0.67596
-0.245981
-0.282961
-0.212035
-0.176508
-0.188607
-0.188785
-0.155415
-0.155248
-0.222955
-0.223135
-0.122587
-0.154037
-0.108672
-0.0822955
-0.188844
-0.15547
-0.223194
-0.0523253
-0.0734356
-0.0301429
-0.0464775
-0.187841
-0.187202
-0.154534
-0.153947
-0.222173
-0.22151
-0.0137632
-0.0257933
-0.00983454
-0.00142706
-0.186351
-0.15317
-0.220616
-0.185247
-0.15217
-0.219444
0.00797367
0.00263359
0.0124786
0.0152748
-0.183845
-0.150912
-0.217938
0.0210523
0.0203731
0.0267808
0.0256982
-0.179947
-0.177347
-0.147456
-0.145175
-0.213686
-0.210811
-0.174243
-0.142468
-0.207352
0.029503
0.0320599
0.0364515
0.0326584
0.0353139
0.0401498
0.0375667
0.0432837
-0.166337
-0.161458
-0.135634
-0.131451
-0.198447
-0.192903
-0.155924
-0.126726
-0.186583
0.0394947
0.045963
0.0482535
0.0411461
-0.149724
-0.121452
-0.17947
-0.142861
-0.115635
-0.171562
0.042566
0.0502204
0.0437816
0.0519001
-0.13535
-0.109291
-0.162875
-0.12722
-0.102447
-0.153445
0.0448194
0.0533343
0.0456931
0.0545409
-0.118518
-0.0951397
-0.143328
0.0464216
0.0555491
0.0563687
0.0470087
-0.10931
-0.0874224
-0.132596
-0.0996671
-0.0793606
-0.121331
0.0474718
0.0570195
0.0575095
0.0478109
-0.0896705
-0.0710227
-0.109637
0.0480434
0.0578556
0.0580629
0.0481733
0.0533534
0.044733
-0.0690045
-0.0585346
-0.0538288
-0.0451403
-0.0854131
-0.0731143
-0.0481071
-0.036503
-0.0608534
0.0481932
0.0581379
-0.0378221
-0.0279997
-0.0487492
0.0479627
0.0579452
0.0580824
0.0480963
0.0576519
0.0476875
-0.0277713
-0.0197062
-0.0369062
0.0474035
0.0573291
0.0570205
0.0471496
0.00852598
0.0163211
0.0100838
0.0164342
0.0060179
0.0152865
0.0468525
0.0566519
0.0561234
0.0465569
0.0235252
0.02228
0.0238784
0.0301159
0.027604
0.0317648
0.0461609
0.0555682
0.0547499
0.0455789
0.0360805
0.0323971
0.0389296
0.0451324
0.0539867
0.0534018
0.0447465
0.0461287
0.0502305
0.0403949
0.0436191
0.051096
0.0561142
-1.07665
-1.08267
-1.05645
-1.05173
-1.11184
-1.10657
0.0537404
0.0463486
0.0604454
-1.03212
-1.03479
-1.01782
-1.01715
0.0590874
0.0609873
0.0504155
0.051808
0.0671616
0.0696175
-1.00603
-1.0048
0.0624183
0.0528141
0.0715242
-0.994925
-0.99785
-0.991973
-0.987686
-0.982437
-0.987772
-0.984803
-0.978687
0.064195
0.0638361
0.0536181
0.0531727
0.0744856
0.0742648
-0.97608
-0.982755
0.0632269
0.0525293
0.0737396
-0.98142
-0.974372
-0.973403
-0.980666
0.062401
0.0517164
0.0729484
-0.980419
-0.973085
0.0613902
0.0507605
0.0719283
-0.97339
-0.980656
0.0602252
0.049687
0.070716
-0.9814
-0.974346
-1.06562
-1.05924
-1.03574
-1.03968
-1.09008
-1.09686
0.0589345
0.0485189
0.0693452
-0.976042
-0.982724
-0.984763
-0.978637
-0.982377
-0.987723
0.0559523
0.0542615
0.0459861
0.0445597
0.0659448
0.0640123
-0.991974
-0.987695
0.0524615
0.0430563
0.0618598
-0.995206
-0.997985
-1.00651
-1.00564
-1.01864
-1.0201
-0.572634
-0.555636
0.114324
0.116969
0.112361
0.114857
0.116196
0.118982
-0.437143
-0.465253
0.11845
0.116211
0.120586
-0.33213
-0.366253
-0.243924
-0.280092
-0.208277
-0.173285
0.115413
0.113257
-0.119534
-0.150444
-0.105617
-0.079762
0.109958
-0.050431
-0.0711282
-0.0449922
-0.0290426
0.10555
-0.0131337
-0.024865
0.100106
0.0530194
0.0616511
0.0609627
0.0524808
0.053739
0.0625735
-0.00905005
-0.000960791
0.00832662
0.00310982
0.0155985
0.0128678
0.0705999
0.0212548
0.0207172
0.027057
0.025879
0.0296315
0.0322414
0.0353757
0.0403101
0.0433988
0.0376357
0.0327704
0.0366537
-1
-1.07728
-1
-1.04555
-1.07963
-1
0.0395465
0.0460587
-1
-1.02728
0.0411838
0.0483272
-1
-1.01647
-1
-1.01017
-0.401205
-0.530553
0.0425696
0.0502718
0.0519284
0.0437902
-1
-1.00627
0.0448341
0.053349
-1
-1.00379
0.0545438
0.0456897
-0.204302
-0.139003
-1
-1.00224
-0.0911398
0.0464055
0.0555359
0.0563502
0.0469848
-1
-1.0012
-0.0571893
0.0474491
0.0569757
-1
-1.00051
-0.0329532
0.0574586
0.0477723
-1
-1.00005
-0.0161944
0.0479751
0.0577861
0.057979
0.0481035
-1
-0.999738
-0.00399775
0.0480974
0.0580194
-1
-0.999523
0.00471976
0.0579578
0.0480211
0.00781174
0.00809944
0.0121876
0.01238
0.00538391
0.00490751
-1
-0.999375
0.0112752
0.0478243
0.0577681
0.0179382
0.0180075
-1
-0.999274
0.0162826
0.0244517
0.0244899
-1
-0.999211
0.0201951
0.0315494
0.0316054
0.0473466
0.0572522
0.0569108
0.047058
0.0475858
0.0575128
-1
-0.999174
0.0390266
0.0391424
0.0467621
0.0564325
0.0558238
0.0463339
-1
-0.99916
0.0466988
0.0469358
0.0258643
0.0279768
-1
-0.999173
0.0297595
0.0458406
0.0551048
0.0543913
0.0453131
0.0543804
0.0547387
-1
-0.999209
0.0447883
0.0312779
0.0619189
0.062402
-1
-0.999273
0.0325848
0.0691874
0.0697904
-1
-0.999372
0.0337114
0.0641654
0.0621342
0.0760581
0.0767702
-1
-0.99952
0.0346796
0.0707262
0.0729082
0.0824073
0.0832139
-1
-0.999736
0.0355114
0.0812918
0.0790367
0.0881209
0.0890023
-1
-1.00005
0.0362239
0.0868727
0.0892204
0.0930915
0.0940254
-1
-1.00051
0.0368205
0.0964828
0.0940975
0.0972318
0.098203
-1
-1.00121
0.0373215
0.100486
0.101476
0.100482
0.102932
0.108407
0.105927
-1
-1.00231
0.102772
0.103761
-1
-1.00398
0.110333
0.112823
0.116102
0.113629
0.104062
0.105032
0.0380305
0.0382488
-1
-1.00664
0.038394
0.115781
0.118195
0.119095
0.116762
0.104339
0.105279
-1
-1.0109
0.116569
0.118797
0.0384506
0.103599
0.104497
-1
-1.01773
0.038445
0.117309
0.115208
0.101884
0.10272
-1
-1.0289
0.112703
0.114655
0.110894
0.109107
0.0383435
0.0992137
0.0999747
-1
-1.04611
0.0382051
0.104487
0.106095
0.0956524
0.0963268
-1
-1.07021
0.100326
0.0989148
0.0379559
0.0912734
0.0918499
0.0377163
0.0925445
0.0937688
0.0861608
0.086629
-1
-1.07769
0.0865426
0.0854478
0.0375162
0.0804154
0.0807661
0.0372851
0.0777854
0.0787783
0.0705355
0.0697089
0.0741493
0.0743743
0.0613721
0.0620113
0.0674843
0.0675759
0.0605499
0.0604988
-0.807501
-0.672314
0.0399754
0.0488061
0.0506426
0.0415278
0.0470088
0.0384381
0.0534709
0.0532557
0.0430269
0.0524565
0.0463274
0.0460008
-1.0651
-1.04296
0.0542879
0.0445267
0.0391616
0.0387105
-1.0265
0.0458627
0.0559282
0.0320004
0.0314916
-1.01441
0.0574029
0.0471633
0.0248047
0.0242468
-1.0057
0.0484132
0.0588045
0.0601111
0.0495561
0.0173405
0.0169616
0.008762
0.00987515
0.0505207
0.061114
0.0620699
0.0514275
-0.991869
-0.994996
0.0523535
0.0630252
-0.989678
0.0637417
0.053096
0.0535476
0.0641075
-0.987203
-0.986654
0.0641804
0.0537643
-0.986475
0.0537247
0.0639345
0.0633319
0.0533961
-0.986647
0.0527459
0.0623349
-0.987188
0.0609058
0.0517413
0.0503501
0.0590078
0.0566049
0.0485412
-0.989648
-0.991833
0.0462854
0.0536638
-0.994957
0.0501551
0.0435567
0.0403333
0.0460546
0.0413435
0.0365979
-1.00597
-1.01538
0.0323377
0.0360093
0.0300467
0.0275461
-1.02901
-1.04858
0.022224
0.0234583
0.0162568
0.0163805
0.0100327
0.00846474
-0.532656
0.000113342
0.0032059
-0.401685
-0.00406463
-0.00875611
-0.0180889
-0.0117334
-0.291252
-0.0197448
-0.0278172
-0.203282
0.0443479
0.0439191
-0.0378635
-0.0280347
0.0506066
0.0414297
-0.031935
-0.0154103
-0.00365463
-0.0710355
-0.089685
0.00503277
0.011505
0.0164942
-0.0951386
-0.118516
0.020318
0.0234369
-0.115622
-0.142845
-0.121438
-0.149705
-0.135338
-0.109282
0.0259321
0.028026
0.0297936
0.0450838
0.0313244
0.0326103
0.0337351
0.0346914
-0.181931
-0.149235
0.0355142
0.0362245
-0.188787
-0.155416
0.0372937
0.0376971
-0.15525
-0.18861
-0.154962
-0.188301
0.0380097
0.0383347
0.0384052
0.0383646
0.0382754
0.0380669
-0.182095
-0.149355
0.0528924
0.0444074
0.0443131
0.0525784
0.0378509
0.037677
-0.170587
-0.139298
0.0366519
0.036266
0.0360161
0.035782
0.0516128
0.0601675
0.068645
0.0768446
0.0846127
-0.0794158
-0.0624843
0.1133
0.114354
0.114263
0.110679
0.107255
-0.0180387
-0.0116913
0.102827
-0.0040193
-0.00870191
0.000171218
0.00325425
0.0974664
0.0912636
0.0768626
0.0690164
0.0608406
0.0414162
0.0366585
0.0314567
0.032698
0.0566829
0.0486054
0.0338981
0.0350176
0.0361357
0.0634174
0.0534659
0.0537958
0.0640218
0.0642688
0.053836
0.0401865
0.0409649
0.0418007
0.0425032
0.0429837
0.0575435
0.0472787
0.0433915
0.0432731
0.0429039
0
1.35E-05
1.35E-05
0
8.96E-06
0.0413046
0.0400212
0
4.70E-06
0
4.18E-06
0
3.69E-06
0.0383821
0
3.81E-06
0.0701324
0.0693633
0
3.84E-06
0
4.10E-06
0
4.26E-06
0.077424
0.0783946
0.0861671
0.0850767
0
4.48E-06
0.017217
0.0168349
0.0246108
0.0240334
0.00981428
0.00871354
0
4.66E-06
0
4.88E-06
0.0921747
0.0934711
0.0985973
0.100019
0
5.08E-06
0.0317619
0.0312466
0
5.29E-06
0
5.50E-06
0
5.71E-06
0.0388937
0.0384482
0
5.92E-06
0.0200597
0.0155106
0.104161
0.105781
0.110573
0.108773
0
6.12E-06
0
6.32E-06
0.0460317
0.0457005
0
6.50E-06
0.0105449
0
6.67E-06
0.0364858
0
6.81E-06
0.053153
0.0529434
0
6.94E-06
0
7.04E-06
0
7.10E-06
0.0602167
0.0601731
0
7.13E-06
-0.000550418
-0.00661741
0.116399
0
7.11E-06
0
7.04E-06
0.0671409
0.0672388
0
6.92E-06
-0.0129743
0
6.74E-06
0
6.50E-06
0.0737984
0.0740281
0
6.19E-06
0
5.80E-06
0
5.34E-06
0.0800581
0.0804122
0
4.80E-06
-0.0263467
-0.0332485
0
4.19E-06
0
3.49E-06
0.0857976
0.0862681
0
2.70E-06
-0.0402077
0
1.84E-06
0
9.35E-07
0.0909044
0.0914827
0
-6.09E-08
-0.0471565
0.0937836
0
-1.11E-06
0
-2.19E-06
0.00310675
0.00313861
0.0952778
0.0959538
0
-3.30E-06
-0.054027
0.0866302
0.0788357
0
-4.45E-06
0
-5.61E-06
0.0988334
0.0995961
0
-6.77E-06
-0.0607522
0
-7.91E-06
0
-9.02E-06
0.101498
0.102336
0
-1.01E-05
-0.0672697
0
-1.11E-05
0
-1.21E-05
0.103207
0.104107
0
-1.30E-05
-0.0735215
0
-1.38E-05
0
-1.46E-05
0.10394
0.104882
0
-1.53E-05
0
-1.59E-05
0
-1.64E-05
0.103656
0.104628
0
-1.69E-05
-0.0902156
-0.0949839
0
-1.72E-05
0
-1.76E-05
0.102357
0.103348
0
-1.79E-05
0
-1.81E-05
-0.918615
0
-1.83E-05
0.100061
0.101053
0
-1.84E-05
-0.103216
-0.106681
0
-1.85E-05
0
-1.86E-05
0.0967951
0.0977692
0
-1.87E-05
-0.109494
0
-1.89E-05
0
-1.91E-05
0.0926415
0.0935787
0
-1.89E-05
-0.111582
0
-1.87E-05
0
-1.86E-05
0.0876547
0.0885404
0
-1.85E-05
-0.113928
0
-1.84E-05
0
-1.83E-05
0.0819216
0.0827336
0
-1.81E-05
-0.116154
0
-1.79E-05
0
-1.76E-05
-0.291484
0.0755491
0.0762677
0
-1.73E-05
0
-1.69E-05
0.00382999
0.00362038
0
-1.64E-05
-0.669452
0.0686505
0.0692616
0
-1.59E-05
-0.123447
-0.123496
0
-1.53E-05
0
-1.46E-05
0.00360929
0.0038197
0.0613495
0.0618434
0
-1.38E-05
0
-1.30E-05
0
-1.21E-05
0.0537726
0.0541467
0
-1.11E-05
-0.123301
-0.123046
0
-1.01E-05
0
-9.02E-06
0.0460825
0.046327
0
-7.91E-06
-0.122671
0
-6.77E-06
0
-5.61E-06
0.0384609
0.0386466
0
-4.45E-06
-0.122157
0
-3.30E-06
0
-2.19E-06
0.0310939
0.0311981
0
-1.12E-06
-0.121481
0
-6.20E-08
0
9.34E-07
0.024144
0.0242509
0
1.84E-06
-0.120617
0
2.70E-06
0
3.49E-06
0.0177934
0.0179143
0
4.18E-06
-0.119537
0
4.80E-06
0
5.34E-06
0.0121629
0.0123622
0
5.80E-06
0
6.19E-06
0
6.50E-06
0.00783286
0.00813406
0
6.74E-06
-0.116594
-0.114668
0.0233169
0
6.92E-06
0
7.04E-06
0.0360358
0.0360745
0.00497489
0.00545779
0
7.11E-06
-0.112397
0
7.12E-06
0
7.10E-06
0.00320433
0.00318259
0
7.04E-06
0
6.94E-06
0
6.82E-06
0
6.67E-06
-0.106698
-0.103229
0
6.50E-06
0
6.32E-06
0
6.12E-06
-0.0993304
0
5.92E-06
0
5.71E-06
0
5.50E-06
-0.0949949
0
5.29E-06
0
5.08E-06
0
4.87E-06
-0.0902247
0
4.65E-06
0
4.47E-06
0
4.24E-06
-0.0850371
0
4.09E-06
0
3.82E-06
0
3.79E-06
-0.0794589
0
3.67E-06
0
4.18E-06
0
4.73E-06
-0.0735217
0
9.15E-06
0
1.39E-05
1.39E-05
-0.0672663
-0.0607451
0.0377201
-0.054016
-0.0401892
-0.0332265
-0.0263213
-0.0195403
0.043091
-0.0129429
0.0155536
0.0105859
0.0201046
0.0370719
0.0242265
0.0279141
0.0368692
0.0365632
-1
-1.05666
0.0362495
0.0361382
0.0339985
0.0364142
0.0384321
-1.09316
0.0413558
0.0423089
0.0429572
-0.999426
0.0430388
0.0425626
0.0419374
-0.988177
-1.05717
-1
0.0362337
0.0351316
0.0339352
-0.988154
0.0312496
0.0300035
-0.999467
0.0909443
0.0971363
0.102488
-1.07585
0.110326
0.112668
0.113895
0.11292
0.110709
-0.136764
0.107398
0.103012
-0.0891705
-0.0555096
0.097614
0.060503
0.0521933
0.0842731
0.076576
0.0684824
4.59E-05
4.73E-05
0.059997
0.0516072
-0.499864
-0.659823
-0.356597
0.036813
-0.0612139
-0.034674
-0.0169872
0.0382137
-0.00535255
0
-0.00110341
0
-0.0350348
0
0.000152275
0
6.91E-05
0.00274778
0
1.59E-05
0
1.91E-05
0
1.26E-05
0
1.14E-05
0.00835372
0
9.11E-06
0
8.54E-06
0.0124599
0
7.52E-06
0
6.93E-06
0
6.52E-06
0
6.27E-06
0.0155457
0
6.06E-06
0
5.91E-06
0.0179295
0
5.81E-06
0
5.76E-06
0
5.73E-06
0
5.72E-06
0
5.73E-06
0.0374458
0
5.73E-06
0
5.74E-06
0
5.76E-06
0.0213746
0.0226672
0
5.79E-06
0.0237663
0
5.80E-06
0.037218
0.036985
0
5.78E-06
0
5.77E-06
0
5.78E-06
0.0247073
0
5.78E-06
0
5.76E-06
0.0255243
0
5.75E-06
0
5.74E-06
0
5.64E-06
0.0355896
0
5.44E-06
0.0262423
0
5.47E-06
0
5.42E-06
0.0268438
0
5.43E-06
0
5.43E-06
0
5.37E-06
0
5.36E-06
0.0273712
0
5.35E-06
0
5.44E-06
0.0278273
0
5.53E-06
0
5.91E-06
0
6.13E-06
0
6.82E-06
0.0282042
0
7.10E-06
0
9.93E-06
0.0285359
0
1.27E-05
1.20E-05
0.091719
-1.07275
-1.04919
0.0289829
0.0291049
0.0291913
0.0980143
0.103408
0.107788
0.111094
0.0291772
0.0290687
0.028948
0.113029
0.0287283
0.0285416
0.0283934
0.0282195
0.0843223
0.0279419
0.0278761
0.0277789
-0.663814
-0.820273
-1.03192
0.0302139
-1.01949
-1.0106
-1.00443
0.0372342
-0.994932
-0.993459
0.0382994
0.0393167
-0.992454
-0.991805
-0.991441
-0.991322
-0.991794
-0.992439
0.043286
-0.993439
0.0422567
-1.00459
-1.01116
-1.02092
0.0363646
-1.03539
0.0339494
0.0311205
-0.502416
0.0278664
0.02418
-0.357951
-0.242542
-0.158569
0.00518219
-0.0993364
0
-0.0435344
0.0349914
-0.0599999
-0.0195688
-0.0165107
-0.00497007
0.00296039
0.00853435
0.0126091
0.0156374
0.0179968
0.0198851
0.0214022
-0.0794554
-0.102441
0.0226888
0.0237805
-0.0850305
0.0247307
-0.0993182
0.0255367
0.0262398
0.0444245
0.0524666
0.0268544
0.0278057
0.0282018
0.0285164
0
1.27E-05
1.20E-05
0
9.92E-06
0.0287692
-0.118065
0
7.08E-06
0
6.80E-06
0
6.11E-06
0.0289558
4.86E-05
4.72E-05
0
5.88E-06
0
5.51E-06
-0.976759
-0.833663
-1.06515
0
5.42E-06
0.0290858
0
5.33E-06
0
5.34E-06
0
5.35E-06
0.0291525
0
5.41E-06
0
5.41E-06
0
5.40E-06
0.0291699
0
5.45E-06
0
5.42E-06
0
5.63E-06
0.0291118
-0.123299
0
5.74E-06
0
5.74E-06
0
5.76E-06
0.0290213
-0.123448
0
5.77E-06
0
5.77E-06
0
5.77E-06
0.0288343
0
5.77E-06
0
5.79E-06
0
5.79E-06
0.0286511
0
5.75E-06
0
5.73E-06
0
5.73E-06
0.0285086
0
5.72E-06
0
5.72E-06
0
5.73E-06
0.0283359
0
5.76E-06
0
5.81E-06
0
5.91E-06
0.0281759
0
6.06E-06
0
6.27E-06
0
6.52E-06
0
6.92E-06
0
7.50E-06
0
8.53E-06
0.0274904
0.0275025
-0.118206
0
9.10E-06
0
1.13E-05
0
1.26E-05
0
1.91E-05
0
1.58E-05
0
6.94E-05
0.0337835
0.041718
0
0.000153135
0
-0.0011049
-0.0350143
0
0.0500068
0
-0.0435117
-0.109749
0.0584164
0.0667364
0.0748204
0.0824156
0.0893831
0.0955676
0.108609
0.105363
-0.0471418
0.101134
0.0959967
0.0900392
0.0761694
0.0685013
0.060548
4.46E-05
4.09E-05
-0.00658334
-0.000513903
0.00522101
0
-0.0455074
4.08E-05
4.46E-05
0
-0.0688345
0
-0.108027
-1
0.0234899
0.0244147
0.0252788
0.0261589
0.031169
0.0270437
0.0287774
0.0296036
0.0400718
0.0303841
0.0309949
0.0317447
0.0433276
0.0323148
0.0434469
0.043342
0.0327719
0.0332886
0.0333113
0.0411859
0.0331492
0.0403295
0.0393883
0.0383803
0.0373236
0
-0.107773
-1
0
-0.068864
0
-0.0455795
0.0302274
0.0288272
0.0271235
0.032589
0.0227533
0.0200696
0.0286238
0.0170484
0.0136912
0.0100052
0.0687008
0.0765452
0.084017
0.00170905
-0.00285581
-0.00765625
-0.0126521
-0.0178031
0.10691
0.0437836
-0.0230647
-0.0283854
0.11398
-0.0389936
-0.0441765
-0.0492123
-0.0540555
-0.0586656
0.0913167
-0.224
-1
-1
-0.223468
0.000108529
0.000114107
-0.0670571
-0.0707894
-0.0741935
-0.0772663
-0.0800068
0.0432761
-0.0822768
-0.0839182
-0.085784
-1.12627
-1.1023
-1.13877
-0.0875549
-0.121474
-0.122151
-0.0918584
-0.0924153
-0.153161
-0.15394
0.0364092
-0.122667
-0.0928403
-0.154529
-0.123043
-0.093151
-0.154958
-0.0933635
-0.159018
-0.243109
-0.10083
-0.0934878
-0.093529
-0.0934886
-0.0933651
-0.0928436
-0.0924198
-0.0918642
-0.091158
0.0198249
-0.0902807
-0.0892062
-0.0879071
-0.0863609
-0.0845455
-0.0824394
-0.080021
-0.0772765
-0.0742025
0.0287901
-0.0707975
-0.0670635
-0.0586678
-0.0540552
0.0292148
-0.0492091
-0.0441704
-0.0389846
-0.0337008
-0.0283707
-0.0230473
0.028071
-0.0177832
0.0273738
0.026299
-0.0126299
-0.00763194
0.0277809
0.00173698
0.00603426
0.0278327
0.0280961
0.0137239
0.0170826
0.0271606
0.0288644
0.0302647
0.032223
0.0328195
-1.00008
0.0331885
-0.99705
0.0328139
0.0323602
0.0318008
-0.991435
0.0271166
0.0262434
-0.994909
0.0253668
-1.0001
0.0233834
0.0223793
0.0440073
0.0521057
-1.05653
0.0601967
0.0681441
0.0757876
0.0830467
0.0897073
0.095655
-0.0336036
0.100784
0.108146
0.110397
0.104824
0.100468
0.0951472
0.0819818
0.0744467
0.0664114
0.058208
0.0498625
0.0273695
0.000117087
0.00011147
-0.188668
-0.113001
-0.034903
-0.0166524
-0.00537459
0.00177702
0.00637852
0.0279995
0.0276535
0.0145098
0.0154993
0.0163163
0.0274391
0.0190009
0.0186042
0.0193507
0.0199205
0.0201403
0.0203328
0.0204773
0.0205766
0.10088
-1.15911
-1.13647
-1.16427
0.105228
0.108544
0.110787
0.111907
0.0206437
0.0205489
0.0204201
0.111912
0.110805
0.0202446
0.0201346
0.0200282
0.0199087
0.0833661
0.0198139
0.000108489
9.69E-05
0.0197372
0.0197217
9.67E-05
0.000108253
0.0197711
0.0225249
-1.16512
-1.17703
-1.07197
-1.04874
-1.0321
0.0279202
-1.02034
-1.01224
-0.997144
-0.9984
-0.996275
-0.995685
0.0331019
-0.995303
-0.995091
-0.995022
0.0327809
-0.995087
0.0321849
0.0313404
-0.997131
-0.996263
0.0251024
-1.00689
-1.00289
-1.0129
-1.02217
-0.654104
-0.463389
0.00600471
-0.305662
-0.0639683
-0.112527
-0.0343541
0.0197786
0.0196832
-0.0161158
-0.00508614
-0.0337127
0.015513
0.0145226
-1
-0.345331
-0.346132
-1
0.000215943
0.000229683
0.0170141
0.0176084
-0.0630086
0.0181307
0.0185839
0.0189922
0.0193447
0.0196487
0.0199094
0.0201323
0.0203156
0.0204626
-0.0890488
0.020568
0.0206369
-0.0902697
-0.119526
-0.0911497
-0.120608
0.0206628
0.0206564
0.0205959
0.0205146
0.0203577
0.0202108
0.0201085
0.0199847
0.0198701
0.019759
-0.0931534
0.0196541
0.0196455
0.0405331
0.0327451
0.04866
0.056885
0.065052
0.0729162
0.0803183
0.0871231
0.0931835
-0.0630131
0.106012
0.102699
0.108275
0.103459
0.106526
0.0994333
0.0945254
0.0888226
0.0754613
0.0681062
0.0603712
-0.00282959
0.0215844
0.0150502
0.0156743
0.028872
0.0100364
0.0163203
0.0169239
0.020105
0.0175512
0.0181937
0.0227897
0.0251393
0.0188431
0.0207515
0.0201299
0.0313781
0.0213459
0.0218977
0.0224073
0.0333514
0.0228679
0.0333294
0.0331435
0.023256
0.02356
0.0237673
0.0311532
0.0304334
0.0296566
0.0279861
0.0221394
0.0212462
0.0201376
0.0243827
0.0188026
0.0172321
0.0214243
0.0355737
0.0359201
0.0133626
0.0110607
0.00851739
-0.000458865
0.00274291
-0.00384094
-0.00737077
-0.0110212
-0.0147651
0.105007
-0.0185647
0.108246
0.110434
-0.0261757
-0.0299103
0.111535
0.111523
-0.0335488
-0.0370575
-0.0404064
0.0889558
-0.0492598
-0.0465264
-0.05176
-0.0540213
-0.0560422
-0.0578229
0.041601
-0.0590727
-0.0603227
0.000235642
0.000221766
-0.0615895
-0.860412
-1.01678
-0.0628804
-0.0636809
-1.02531
-0.984638
-0.839747
-0.867274
-1.10736
-1.07029
-0.0643468
-0.0648826
0.0203589
0.0195158
-0.0653037
-0.0656274
0.0447697
0.0370302
-0.0658646
-1.14956
-1.15837
-1.16621
-1.17534
-1.11092
-1.12601
-0.0660246
-1.15101
-1.14111
-0.0661182
-0.948587
-0.0661495
-0.0661188
-0.0660257
0.0203498
0.0200142
-0.0658663
-0.0656299
-0.0643536
-0.0648871
-0.0636914
-1.166
-1.10205
-0.0628848
-0.0619141
-0.460649
-0.302765
-0.648658
-0.0607596
-0.059406
-0.0644707
-0.0517665
-0.0492653
-0.0465306
-0.0435726
0.0116599
0.00949507
0.0132718
-0.0404076
-0.0370568
-0.0335461
0.0170116
-0.0299055
-0.0261687
0.000220635
0.00019387
-0.0147522
-0.0185537
0.0196568
0.00019346
0.00022017
-0.00735467
-0.00382339
0.00576144
0.00276281
0.00853937
0.0206552
0.0110838
0.0133868
0.0154448
0.0206785
0.0172578
0.0212722
0.0201637
0.0221654
0.0236883
0.0233587
0.0238604
0.0229005
0.0232857
0.0224462
-1.13775
-1.15385
0.0219351
0.0213785
0.0188934
0.0182509
0.0176107
0.0155554
0.0162892
0.0522768
0.044457
0.0600783
0.0677318
0.0751404
0.0820962
-0.995297
0.0884784
0.0941726
-0.998387
-0.997027
0.0990734
0.103092
-0.471718
-1
-1
-0.470667
0.000385499
0.000412733
0.106153
-1.03609
0.105604
0.102282
0.0979725
-0.189094
0.0927458
0.0200383
0.027613
0.0798559
0.0724394
0.0646213
0.0565535
0.0483642
0.00647775
0.00957062
0.00189725
0.0402868
0.016325
0.0336991
0.0325273
0.0351592
0.0263547
0.0253364
0.0275405
0.0285582
0.0209968
-0.63659
0.0293422
-1.1359
0.0196364
0.0188518
0.02057
-1.06963
-0.899512
0.0136125
0.0141953
-1.08621
-1.12408
-1.0868
-1.05684
-1.16085
0.0218523
-1.11477
-1.15309
0.0196817
0.0278686
0.0205738
0.0280602
0.0289948
0.0215351
-0.409334
0.0188104
0.0131137
-1.12373
-0.0147883
-0.0337909
-0.00425486
0.0092889
0.00834433
0.0099567
0.0104604
0.0108689
0.011219
0.0115304
0.08243
0.0126368
0.0124588
0.0127819
0.0129091
0.0143401
0.0130327
-1.06347
-1.11319
-1.17305
-1.15119
0.0132144
0.0132687
0.0132987
0.0132515
0.0132879
0.0131732
0.0126388
0.0126798
0.0126453
-0.640997
0.0238635
0.0140165
0.0134327
-1.02986
-1.0476
0.0228301
-1.04149
-1.02662
0.0154197
-0.997634
-0.9976
-0.997632
-0.997734
-0.995675
-0.997918
-0.0223812
-0.0435698
-0.414506
-0.240777
0.00042331
0.000395819
-0.130182
0.0253993
-0.0335143
-0.0145116
0.0137418
0.0132328
-0.00410932
0.00700546
0.00502807
0.00835831
0.0115297
0.0118038
0.013205
0.0137414
0.0120507
0.0124655
0.0126355
0.0127783
0.0130263
0.0131305
0.0132072
0.0132886
0.0132916
0.0132742
0.0132223
0.0131545
0.0130343
0.0129269
-0.0540295
-1.06351
0.0127831
0.0127139
0.012645
0.0126028
0.01263
0.0127514
0.0129384
0.000401185
0.000348681
-0.0110067
0.000347984
0.000400385
-0.00044005
0.0556515
0.0635679
0.0711964
0.0228561
0.0815417
0.0748767
0.0677829
0.0237952
0.0235885
0.0238909
0.0098708
0.00948057
0.0102377
0.0106298
0.0207869
0.0195362
0.0139679
0.0143271
0.0146569
0.0149453
0.0148968
0.0151837
0.0153637
0.0154758
0.0150442
0.0146641
0.0141548
0.0127136
0.0117671
-1
-0.595964
-0.59723
-1
0.0106626
0.000640196
0.000686726
0.0093968
0.00796889
0.107875
0.086674
0.03662
-0.00848038
-0.0109447
0.00902491
0.00870371
-0.013428
-0.0159048
-0.0183497
-0.0207385
-0.0230485
-0.0252591
-0.0273525
-0.948101
-1.10217
-0.894779
-0.62947
-0.0402627
-0.0408097
-0.0412625
0.0230343
0.0304125
-1.16161
-0.0416252
0.0145691
-0.0419123
0.00848442
-0.0421314
-1.07447
-0.0423014
-0.0424237
-0.0424905
-1.16918
-0.238062
-0.130306
-0.0680876
-0.0412673
-0.0408173
-0.040269
0.014787
0.00162227
0.00498505
0.00698686
-0.034314
-0.032802
-0.0311346
-0.0273541
-0.0252596
-0.0230477
-0.0207364
-0.0183462
0.0117981
0.0176121
0.0181267
0.0120476
0.0122701
-0.00369862
-0.00143532
0.000721028
0.00464894
0.00639459
0.0131388
0.00798364
0.00941228
0.0133048
0.0206875
0.0106787
0.0182675
0.0127184
0.0141712
0.0146804
0.0130834
0.0150605
0.0129489
0.0128758
0.0128106
0.0127339
-1.09594
0.0154927
0.0153808
0.0182527
0.0127608
0.0152013
0.0127093
0.0198412
0.0128119
0.0130342
0.0139894
0.0136038
0.0131991
0.0201697
0.0127814
0.0288363
0.0123559
0.0119273
0.0115006
-1.01697
0.00984375
0.00939523
-1.01056
-1.00627
-1.00668
-1.00337
-1.00144
-1.00284
-1.00021
-1.00014
-0.999248
0.0301071
0.0375408
-0.998633
-0.99821
-0.997922
-0.997738
0.0674604
0.0745414
0.0811963
0.0873029
0.092747
-0.998204
-0.998627
-0.999242
-1.00344
-1.00145
-1.0065
0.0956294
0.0904957
-1.01118
-1.01848
0.084551
0.0227861
0.0551563
0.0472008
0.0392832
0.00070395
0.00065717
-0.0678599
0.00169645
-1.0249
-0.344767
0.0092991
0.0117067
0.0132954
0.00996723
0.0104678
0.0108773
0.0112239
-0.165709
-0.0738677
-0.031091
0.0122689
-0.0119166
-0.00283803
0.0129042
0.00153807
0.00370374
0.0047538
0.00527553
0.0132591
0.00563431
0.00589654
0.00607192
0.00619789
0.00630468
0.00640505
0.0128651
0.00650611
0.00660651
0.00670317
0.0126071
0.00679036
0.00686667
0.0069349
0.000676753
0.000584
0.00700425
0.00705688
0.00710187
0.000582916
0.000675488
-0.950693
0.0247614
0.0158976
0.0396694
0.0319398
0.0475987
0.00719744
0.00716678
-1.1353
0.00711892
0.00704087
0.00697329
0.0783907
0.085018
0.0909472
0.0983993
0.0960679
0.10031
0.00690422
0.00686802
0.103609
0.105886
0.00683783
0.109454
0.107116
0.107296
0.109552
0.00682231
0.00682928
0.101621
0.10452
0.0977921
0.00698202
0.00715911
0.0931086
0.0876571
-1.02927
-1.1013
0.00787178
0.00838217
0.015726
0.00839379
-1.15238
-1.10808
0.00859266
0.00845713
0.00882028
0.0110421
0.0114656
0.0118961
0.019491
0.0123279
0.0127566
0.0131772
0.0135838
0.0155104
0.0238336
-0.71831
-1
-1
-0.716894
0.00100945
0.00107883
0.0153051
0.0233326
-1.00014
-1.0002
0.0135073
0.00638053
0.00574053
0.00463551
0.00274091
0.000708805
-0.00144682
-0.00370931
-0.00606047
-0.0737867
-0.0311232
-0.0117969
-0.00283314
0.00153697
0.0036938
0.00526766
0.00563503
-0.0293137
-0.0311313
-0.0327978
-0.0343084
-0.0356618
0.00630463
0.00640468
0.00650524
-0.0368599
-0.0379029
0.00660689
-0.0384943
-0.0394141
0.00670438
0.00700075
0.00704951
0.00709367
0.00713858
0.0071751
-0.0425127
-0.0424908
-0.0424244
0.00720975
0.00720679
-0.0423026
-0.0421331
0.00718963
-0.0653071
-0.0419146
-0.0416285
0.00710864
0.00702934
0.0069611
0.00692721
-0.0388344
-0.0396126
-0.0379231
0.00688917
-0.0578418
-0.0368706
-0.0356694
-0.0560535
-0.0293162
0.00692563
0.00712147
0.00736752
0.00776173
0.00827356
-0.0158999
-0.0223721
-0.0134217
-0.0109371
0.00489339
0.00484961
-0.00847166
-0.0060507
0.00275375
0.0117837
0.0188287
0.0127304
0.0135239
0.0246286
0.106422
0.108568
0.0153214
0.0154734
0.015527
0.0149637
0.0146769
0.0143496
0.0091023
0.00487023
0.00521454
0.00541663
0.00563033
0.0110786
0.00585926
0.0169903
0.0106702
0.0102727
0.00609309
0.00657351
0.00681435
0.0070518
0.0072834
0.00750527
0.0525793
0.0450476
0.0600779
0.00823601
0.0083565
0.00844218
0.0974241
0.00832517
0.00815162
0.101247
0.10414
0.00790874
0.108189
0.106037
0.106904
0.109166
0.109062
0.106716
0.105478
0.00719456
0.00671441
0.103193
0.0998834
0.00614753
0.00549149
0.00474497
0.0630375
0.00110531
0.00103609
-0.00408408
-0.0054332
-0.00679623
-0.00815945
-0.00950878
-0.0108307
-0.0121121
-0.0133414
-0.0145081
-1.09253
-0.0184034
-0.0191639
-0.0198392
-0.0226973
-0.0228245
-0.0229253
-0.0230303
-0.0230432
0.00918025
-0.0230304
-1.12099
-0.0229259
-0.0228254
-0.0226986
-0.0209544
-0.0204394
-0.0198454
0.00108147
0.000927755
-0.0166225
-0.0156046
0.00527216
0.000926146
0.0010795
-0.0145087
-1.12745
-1.13016
0.00714311
0.00717942
0.00720424
-0.00148715
-0.000266886
0.000894077
0.00721545
0.00721342
0.0090963
0.00791755
0.0081602
0.00694101
0.00833364
0.00844355
0.00849578
0.00849624
0.00845081
0.00687811
0.00836523
0.00824499
0.00745055
0.00751616
0.00729399
0.00706324
0.00682723
0.00658811
0.00634905
0.00611102
0.00565013
0.00543593
0.00522929
-1
-0.82851
-0.829968
-1
0.00153023
0.00161858
0.00483672
0.00520452
-0.551408
-0.86372
-0.743048
-0.981296
-0.347553
-0.630999
-0.166637
-0.255057
-0.0878123
-0.0237373
-0.00557899
4.95E-05
0.00172426
0.00474604
0.00241425
0.00260646
0.0026231
0.0058952
0.00257199
0.00607078
0.00619708
0.00249654
0.00243794
0.0024065
0.0023844
0.00237051
0.00678968
0.00236606
0.00237479
0.00686538
0.00693681
0.00239002
0.00240764
0.00242664
0.00244288
0.00245776
0.00247566
0.00719946
0.00249283
0.00250133
0.0071579
0.00251599
0.00251015
0.00251786
0.00251594
0.00250975
-1.13104
0.00250078
0.00249389
0.00685144
0.00244062
0.00237948
0.00681916
0.00680137
0.0023716
0.00680595
0.00685161
0.00236162
0.00235276
0.00234491
0.00234406
0.00234955
0.00237563
0.00241965
0.00252199
0.00264559
0.00288592
0.00310603
0.00364491
-0.742817
-0.980402
0.00165754
0.00157072
0.0529143
0.0603877
0.0453903
0.037883
0.00505388
0.00633272
0.00771541
0.00791067
0.00808579
-0.556845
-0.256582
-0.0882396
-0.0237753
0.00848764
-0.00558542
3.80E-05
0.00171441
0.00843506
0.0024069
0.00260423
0.00262317
0.00166384
0.00142582
0.00759129
0.00257132
0.00249415
0.00142337
0.00166064
0.00243477
0.00240468
0.00390853
0.00238352
0.0029846
0.00197569
0.0023703
0.00236611
0.00088737
-0.000273267
0.00239021
0.00240756
-0.00149317
-0.00276496
0.00242572
0.00244203
0.00245714
0.00247466
0.00249167
0.00249895
0.00250103
0.00250869
0.00251494
0.00251647
-0.0166209
-0.0156035
-0.0175552
0.00251414
0.00250753
0.00249811
0.00249068
-0.0204302
0.00243714
0.00237578
-0.0209493
-0.0213958
0.00236721
-0.0217643
-0.0220724
0.00235667
0.00234719
-0.0223275
-0.0225322
0.00233848
0.00234155
0.00236665
0.00240947
-0.0229954
0.002511
0.00263481
0.00287474
-0.0229958
0.00309484
0.00363253
-0.926948
-1
-1
-0.925646
0.00222556
0.00232198
-0.0225341
-0.0223302
-0.0220766
-0.0213949
-0.0191687
-0.0184065
-0.0175574
-0.0133413
-0.0121113
-0.0108291
-0.00950647
-0.00815636
-0.00679242
-0.00542872
-0.00407901
-0.00275938
0.115289
0.11423
0.109218
0.108127
0.11942
0.120447
-0.291715
-0.296231
-0.344975
-0.343471
-0.249611
-0.242854
-0.327833
-0.341222
-0.295559
-0.307766
-0.360643
-0.374938
0.11615
0.117896
0.110274
0.112125
0.121107
0.12267
-1.00768
-0.985563
-0.991575
-0.971787
-1.02152
-0.996265
-0.283446
-0.338489
-0.23307
-0.329299
-0.315212
-0.255751
-0.272152
-0.379464
-0.390354
-0.642092
-0.69566
-0.716348
-0.65596
-0.625164
-0.672959
-0.970022
-0.992553
-0.957696
-0.976629
-0.974479
-1.00518
0.00198268
-0.363035
-0.371537
-0.327848
-0.335701
-0.398558
-0.407623
-0.696368
-0.673573
-0.642717
-0.625834
-0.741628
-0.713857
-0.378197
-0.34207
-0.414619
0.00299185
0.00391605
0.00475284
0.00549979
0.112345
0.110532
0.105469
0.103598
0.1182
0.116498
-0.767554
-0.741105
-0.394524
-0.396609
-0.358381
-0.36036
-0.431024
-0.432883
-0.734943
-0.792764
0.00615626
0.00672345
-0.39789
-0.361797
-0.433944
0.0180297
0.0168142
0.0312841
0.0316756
0.00104327
0.00319121
0.101251
0.102282
-0.808495
-0.768159
-0.838689
-0.793471
-0.777676
0.0072037
0.00760034
-0.871137
-0.83792
-0.39965
-0.399702
-0.364172
-0.364319
-0.434911
-0.434845
-0.904613
-0.868901
-0.838742
-0.868541
-0.817251
-0.904756
-0.871604
-0.399717
-0.364392
-0.434787
-0.937824
-0.898275
-0.982979
-0.924642
-0.890575
-0.399721
-0.364415
-0.434768
-0.959051
-0.938243
-0.960403
-0.926609
-0.399722
-0.364396
-0.434795
-0.993698
-0.97123
-0.963805
-0.931886
-0.994687
-0.992779
-1.00044
-0.969414
-0.399661
-0.399529
-0.363921
-0.364181
-0.434925
-0.434951
-1.02575
-1.02946
0.00259821
0.00188814
-0.39925
-0.363492
-0.434864
-1.02235
0.00173689
-0.398746
-0.362821
-0.434576
0.0016584
-0.958601
-0.397918
-0.361821
-0.433975
0.00809527
0.00169651
0.00173831
-1.12923
0.0738565
0.0836678
0.0817253
0.0717484
0.0761001
0.085818
0.00792089
0.00772645
0.00181982
-0.571854
-0.582242
-0.518871
-0.514831
-0.384316
-0.378635
-0.347947
-0.342494
-0.42096
-0.415094
0.00189228
-0.396081
-0.455503
-0.45416
-0.371605
-0.335848
-0.407703
0.00197654
-0.363096
-0.327902
-0.398629
0.002058
0.00214416
-0.341271
-0.327874
-0.295598
-0.30781
-0.374992
-0.360325
-0.220142
-0.173676
-0.187275
0.00222959
-0.312841
-0.28196
-0.343787
0.0023164
-0.296252
-0.26696
-0.325477
-0.146581
-0.133488
-0.0984902
-0.110862
0.00240215
0.00587835
-0.278235
-0.250704
-0.305552
-0.0427344
-0.0524043
-0.079727
-0.0684413
-0.028792
-0.0207643
0.0024868
-0.00190744
-0.00824616
0.00256869
0.00294322
0.00290357
0.00296981
-0.195811
-0.173809
-0.176368
-0.156462
-0.214477
-0.190285
0.00264736
0.00503247
-0.151753
-0.13646
-0.166113
0.00948692
0.0142611
0.0280725
0.0248025
0.00272154
-0.129884
-0.116573
-0.142228
0.00278965
0.00486129
0.0047851
0.0382334
0.0399084
0.0502118
0.0497319
-0.108417
-0.0969955
-0.118872
0.117161
0.110631
0.116108
0.109303
0.117764
0.111264
0.00284997
-0.0875414
-0.0779054
-0.0962504
0.0596208
0.0590462
0.0667097
0.0682829
0.00290085
-0.0674282
-0.0594569
-0.0745306
0.127731
0.126498
0.123583
0.124702
0.12842
0.129722
0.0029405
0.087995
0.0839562
0.0881869
0.0928054
0.0790302
0.0823872
0.00296704
-0.0299852
-0.0128269
-0.0249449
-0.00909298
-0.0343339
-0.0160194
0.00848722
0.0154569
0.00297849
0.0969026
0.091749
0.0947481
0.100358
0.00297274
0.10324
0.0972407
0.0992745
0.105597
0.0441218
0.0321562
0.043761
0.0444697
0.00294758
0.055411
0.0542864
0.0564085
0.107476
0.100888
0.102116
0.108925
0.0957153
0.0976399
0.0935732
0.101384
0.00290081
0.103465
0.105273
0.110045
0.103058
0.103693
0.110929
0.00273431
0.00261088
0.111416
0.104085
0.104265
0.111625
0.0316723
0.00245841
0.111618
0.104131
0.103783
0.108585
0.111323
0.103273
0.1057
0.11294
0.115943
0.00206102
0.00181429
0.113375
0.107465
0.118252
-0.957622
-0.975735
-0.961381
-0.944369
0.00153521
-0.932606
-0.949014
0.00122452
0.115667
0.11601
0.109266
0.109421
0.120986
0.121449
-0.938884
-0.92275
-0.606068
-0.558038
-0.571899
-0.648573
0.000882081
0.115784
0.109139
0.121313
-0.914804
-0.930865
0.000505103
0.115103
0.108286
0.120719
-0.924729
-0.908635
9.74E-05
-0.904069
-0.92024
-0.000320908
0.113008
0.118219
-0.917188
-0.90094
-0.000751114
-0.899114
-0.915417
-0.00120663
0.126789
0.128845
0.125595
0.127606
0.127767
0.129831
-0.914831
-0.898507
-0.644474
-0.679906
-0.642617
-0.67752
-0.645425
-0.678842
-0.00167882
0.0669044
0.059699
0.0575
0.0641019
0.0615688
0.0692905
0.129704
0.128378
0.130747
-0.899092
-0.915397
-0.00215853
-0.917148
-0.900897
-0.00263991
0.0706887
0.0779048
-0.00311777
-0.904006
-0.920182
-0.924655
-0.908553
0.114198
0.119297
-0.00358735
-0.914701
-0.930773
0.106874
-0.00404385
-0.938903
-0.922628
0.0750873
0.0739132
0.0825486
0.0840074
0.0648164
0.0657259
-0.0044829
-0.93261
-0.949347
-0.961989
-0.944529
-0.00529364
-0.00565944
-0.00599596
-0.00630185
-0.582804
-0.518518
-0.514296
-1.0437
-1.02644
-0.00657648
-0.454872
-0.453338
-0.00681967
-0.388802
-0.395245
-0.00703363
-0.336883
-0.326573
-0.00722455
-0.269266
-0.282095
-0.00738743
-0.231682
-0.217394
0.108135
-0.00751918
-1.01121
-1.03003
-0.172035
-0.186426
-0.250757
-0.215817
-0.247706
-0.217922
-0.252843
-0.00762885
0.00237679
0.00228456
-0.146265
-0.131666
-0.0973241
-0.11014
-0.00772093
-0.588914
-0.0789277
-0.0672185
-0.00779531
-0.0417916
-0.0518322
-0.00785669
-0.0283573
-0.0200178
-0.640798
-0.671893
-0.642462
-0.674078
-0.638805
-0.669422
-0.00790785
-0.00155007
-0.00809585
-0.00793687
0.10127
0.009575
0.0144327
0.0282931
0.0249664
-0.00795241
-0.00796625
0.050415
0.0497933
0.0597668
0.0592466
0.0402146
0.0382571
-0.00797135
-0.518248
0.0667977
0.0682759
-0.0079663
-0.447566
-0.00795252
0.075784
0.0733932
0.0790504
0.0822748
-0.00793704
0.0878778
0.0839647
0.0881121
0.0927148
-0.00790812
0.096836
0.091689
-0.00785711
-0.203328
-0.15733
0.094664
0.100258
-0.00779599
-0.118039
0.0971431
0.10316
-0.00772178
-0.0846752
-0.0076297
0.10735
0.10077
0.0991573
0.105484
0.102
0.10878
-0.021767
-0.0075178
-0.0327831
-0.0127224
0.109837
0.102876
-0.00738299
-0.00722372
0.110645
0.1036
0.103426
0.110473
0.103536
0.110587
0.0306884
0.0184849
-1.00795
-0.00703748
0.110059
0.103065
0.0411115
-0.0068227
0.0500231
-0.00657805
0.0577124
0.121518
0.11968
0.114546
0.123709
0.125401
-0.00630276
0.128192
0.126627
0.128284
0.129722
-0.00599651
0.0452869
0.0510097
0.0388471
0.0733232
0.0748656
0.0699516
0.0758445
0.12998
0.128678
0.127751
0.128887
-0.00565982
0.079069
0.126415
0.125497
0.121802
0.122514
-0.00529388
-0.00490062
-0.00448266
0.113601
0.10683
-0.00404332
0.107962
0.114737
-0.00358653
0.0957187
0.0951813
0.115368
0.108778
-0.00311667
-0.100754
-0.0696811
-0.138147
0.0959365
-0.00263854
0.109143
0.115659
0.115392
0.109068
-0.992937
0.00250702
0.00216179
-0.00215693
0.108446
0.114599
0.0954915
0.0958757
-0.00167702
0.00215816
0.00250149
-0.00120467
-0.99071
-0.975658
0.100666
0.0961142
0.0999885
0.104937
0.0914289
0.0955409
-0.000318753
9.97E-05
-0.96298
0.000507581
-0.952827
0.0894996
0.0858809
0.079425
0.0824938
0.000884635
-0.944936
0.0744873
0.0720207
0.00122705
-0.242169
-0.210349
-0.2014
-0.232165
-0.218363
-0.251084
-0.938988
0.0636171
0.0654382
0.00153776
-0.934684
0.0552836
0.0541634
0.0436391
0.0439967
0.00181695
-0.931781
0.031552
0.0320373
0.00206388
-0.930106
0.0193583
0.017907
0.0022786
0.0916453
0.0904682
-0.929552
0.00307185
0.00561059
0.00246168
-0.608515
-0.609772
-0.607005
-0.930086
-0.00919702
-0.0129367
0.00261421
0.0628561
-0.931743
-0.0300908
-0.0250454
0.00273758
-0.934628
-0.0675252
-0.0595431
-0.0418641
-0.0483162
-0.0779839
-0.087629
0.00283345
-0.938918
-0.515669
-0.479945
-0.495056
-0.460917
-0.532756
-0.495719
-0.108498
-0.0970686
0.00290369
-0.94485
0.00295033
-0.95286
-0.151814
-0.136518
-0.116639
-0.129955
-0.15651
-0.173859
0.00297549
-0.963387
-0.103955
-0.10976
-0.135918
-0.128279
-0.0849794
-0.0806189
0.00298128
-0.976776
0.100008
-0.233335
-0.258968
-0.278229
-0.250694
-0.238659
-0.215032
-0.266938
-0.296234
0.00285277
-0.589584
-0.518349
0.00279262
-0.446409
0.0368343
-0.312811
-0.281928
0.00272471
-0.376815
-0.318524
-0.35295
0.00265071
0.103076
0.101844
-0.312129
0.00257199
-0.252429
0.00249008
-0.200039
0.00240579
-0.154593
0.0236618
0.0023207
-0.115861
-0.355079
-0.391553
0.107063
0.113928
0.00223457
-0.0829543
0.0974737
0.0956511
0.00214981
-0.0550422
-0.362803
-0.398727
0.00206436
-0.000749095
-0.179149
-0.156262
-0.207807
-0.231238
-0.114379
-0.135069
-0.0318889
-0.01187
0.0862709
0.0870066
0.0932142
0.094522
0.0783099
0.0783293
0.00190059
0.00182873
-0.238641
-0.217506
-0.215019
-0.19596
-0.238396
-0.261745
-0.36391
-0.399516
0.00174865
0.00170804
0.0503188
0.0415267
-0.417537
-0.394616
-0.502934
-0.486911
-0.311989
-0.338828
0.00166988
-1
-1.00365
-1.00447
-1
0.0579614
0.00174194
0.0644315
0.094792
-0.364326
-0.399711
0.00188409
0.0701145
0.00256329
0.0749191
0.0791194
0.0826366
-0.793846
-0.794223
-0.817408
-0.817943
-0.769427
-0.76956
-1.03313
-1.07421
-1.1052
0.0856762
-0.360392
-0.396648
0.0881964
0.0903015
-0.394804
-0.358419
-0.355776
-0.39224
0.0935607
0.0924742
0.085192
0.0841932
0.0933687
0.0943672
-0.352331
-0.388797
-0.318573
-0.353004
0.112373
0.117597
-0.924146
-0.896863
-0.88822
-0.913535
-0.903821
-0.933208
-0.233332
-0.258962
0.121154
0.124354
0.11724
0.0990004
0.100213
-0.240156
-0.179978
0.101545
0.101665
-0.0417686
-0.0482106
0.10127
0.00572065
0.0941553
0.0907369
0.0865634
0.0194736
0.0815905
0.0757709
0.0690501
0.0746181
0.0721456
0.06374
0.0655669
0.0795531
0.0826268
0.100121
0.0924007
0.093845
0.106848
0.0527486
0.0431238
0.0325005
0.100815
0.0962572
0.0915648
0.0956794
0.10014
0.105099
0.0209055
0.00833591
-0.00518767
-0.0510045
-0.0677383
0.108632
0.114805
-0.102708
-0.120637
-0.138634
-1.1392
3.22E-05
1.71E-05
1.54E-05
-0.207602
-0.223184
0.122417
0.123619
1.37E-05
-0.237787
1.41E-05
1.42E-05
-0.263615
-0.274699
1.52E-05
-0.284523
0.127944
0.129343
1.57E-05
-0.293098
1.65E-05
-0.300427
1.72E-05
1.80E-05
-0.319163
-0.322185
1.87E-05
-0.324231
1.95E-05
-0.325766
2.03E-05
-0.326888
-0.717169
-0.656745
2.11E-05
-0.363478
-0.327682
-0.399235
2.18E-05
-0.328227
-0.735886
2.26E-05
-0.66673
-0.328584
2.33E-05
-0.328805
-0.818275
2.40E-05
-0.328923
-1.05578
2.46E-05
0.0935506
-0.899927
-0.328961
2.51E-05
-0.328926
2.56E-05
-0.972289
-0.32881
-0.92865
-1.13177
2.59E-05
-1.00454
2.62E-05
-1.04792
-0.328237
-0.327695
2.63E-05
-0.326904
2.62E-05
-1.07847
-1.06166
-1.07459
-0.325787
2.59E-05
-0.324258
2.55E-05
-0.322218
2.48E-05
-0.31956
2.39E-05
-0.316173
-0.286293
-0.283148
-0.288343
2.28E-05
-0.311942
2.13E-05
-0.59178
-0.620309
-0.652927
-0.620763
-0.586118
-0.560251
-0.30676
-0.0565323
1.96E-05
-0.300525
1.76E-05
-0.293149
1.54E-05
-1.08181
-0.284567
1.28E-05
0.00415195
9.88E-06
-0.263646
-0.251317
6.72E-06
-0.237803
3.37E-06
-1.041
-0.997695
-0.223191
-2.87E-07
-0.207599
-4.18E-06
0.0642763
-0.191171
-8.14E-06
-0.174073
-1.22E-05
-0.156484
0.0826198
-0.506056
-0.493864
-0.557882
-0.540256
-0.452327
-0.445043
-1.65E-05
-0.138592
-2.07E-05
0.0856772
0.0882217
-1.09549
-1.12166
-2.50E-05
0.130881
0.13171
0.131653
0.130987
0.130445
0.129477
0.0891407
0.0878495
0.095157
0.0965781
0.079898
0.0811584
-0.102648
-0.0849523
-0.744504
-0.745333
-0.770333
-0.772235
-0.716915
-0.719112
0.0903505
0.0920662
-2.92E-05
-0.0676628
-3.33E-05
0.0986708
0.091111
-0.0509221
-3.73E-05
-0.0348467
-4.10E-05
-0.0195363
0.0959829
-4.46E-05
-0.00508903
-4.79E-05
0.00843901
-5.10E-05
0.0210124
-5.37E-05
0.0326106
-5.62E-05
0.0432367
-5.85E-05
-6.04E-05
0.0950577
0.0865308
0.0859821
0.0868299
0.0954784
0.0614991
0.0691699
-0.00870938
-0.00389066
-0.0143916
-0.0208338
0.00274377
-6.21E-05
0.0758933
-6.36E-05
-6.48E-05
0.0866926
0.090871
-6.58E-05
0.094295
-6.66E-05
-0.142312
-0.166187
-0.118966
0.0970134
-6.73E-05
0.0990755
-6.79E-05
-6.83E-05
0.101435
0.101841
-6.85E-05
0.1018
-6.87E-05
0.101351
-6.87E-05
0.10044
-6.84E-05
0.0992314
-6.87E-05
-6.87E-05
-6.85E-05
0.111657
0.116867
-6.83E-05
0.121095
-6.79E-05
0.124202
-0.79567
-0.819582
-6.73E-05
0.12613
-6.66E-05
0.126828
-6.58E-05
0.126293
-0.185235
-0.15216
-0.1509
-0.183831
-0.186341
-6.48E-05
-0.591494
0.105557
-6.36E-05
-0.179447
-0.171543
-6.21E-05
0.112105
0.105883
-6.04E-05
-5.84E-05
-5.62E-05
0.00477473
-0.0586075
-0.0615831
-0.0398493
-0.0378442
0.0988543
-5.37E-05
-5.10E-05
-4.79E-05
-4.46E-05
-4.10E-05
-1.04813
-1.02574
-3.73E-05
-3.33E-05
-2.92E-05
-2.50E-05
-0.121788
-0.157595
-0.0898219
-2.08E-05
-1.65E-05
-1.22E-05
-0.513394
-0.43639
0.0920064
-0.363168
0.0788647
0.0713082
0.0763333
0.0729951
0.0809593
-8.15E-06
-4.19E-06
-2.99E-07
3.35E-06
-0.0539702
-0.074698
-0.034445
6.70E-06
-0.0439731
-0.0226527
0.0951251
0.0955293
0.0945409
9.86E-06
-0.00495568
1.28E-05
0.0677527
0.00982249
0.084884
0.087062
1.53E-05
0.106125
0.108377
1.76E-05
1.96E-05
0.0326496
0.0415259
0.0491098
0.124836
0.121777
0.126611
2.13E-05
0.0555095
2.27E-05
0.0610151
0.12713
0.126376
2.39E-05
2.48E-05
0.0763168
0.0733321
2.55E-05
0.0788421
0.112056
2.59E-05
0.0809629
2.62E-05
0.0827115
2.62E-05
-0.187194
-0.187835
0.0841299
2.62E-05
0.0596481
0.0615428
0.0574263
2.59E-05
0.10098
2.56E-05
2.51E-05
0.0869848
0.0870907
0.0870887
2.46E-05
0.107288
0.100373
2.40E-05
0.0989233
0.105532
0.0968675
0.103113
-1.00548
2.33E-05
-0.667626
0.0864872
0.0858472
2.26E-05
0.0851116
2.18E-05
2.11E-05
2.03E-05
-0.987089
-0.974463
0.0613814
1.95E-05
-0.964581
1.87E-05
0.0766508
0.0707899
0.0663772
0.0715078
0.0744933
0.0810092
-0.95704
1.80E-05
-0.951436
1.72E-05
1.65E-05
-0.944742
-0.943201
1.57E-05
-0.942693
1.51E-05
-0.0196304
-0.943182
1.41E-05
-0.944706
-0.0349354
1.40E-05
-0.822877
-0.834464
-0.869096
-0.857909
-0.787515
-0.799013
-0.08502
1.36E-05
-0.95137
-0.956958
1.54E-05
-0.964624
1.72E-05
-0.156517
-0.176405
-0.443978
-0.45131
-0.434345
3.28E-05
-0.988395
-0.174096
-0.195985
-0.191184
-0.592536
-0.0037199
0.000126455
-0.513387
0.00020049
-0.434858
3.18E-05
-0.251293
-0.143978
-0.141265
-0.113504
-0.114832
-0.170337
-0.17499
-0.360317
-0.583348
-0.540721
-0.621594
5.75E-05
0.00233673
0.0989498
0.0910134
3.92E-05
3.80E-05
3.03E-05
-0.0677036
-0.0426124
2.89E-05
-0.306222
-0.0218357
2.56E-05
0.0911283
-0.00428991
-0.351325
-0.315152
2.38E-05
0.0103721
2.25E-05
2.18E-05
0.0655698
0.0664453
0.0644771
2.12E-05
0.0493756
0.0557254
2.09E-05
0.061206
0.0669516
0.0775011
0.0684195
0.0651418
0.0760804
2.06E-05
0.0659223
2.05E-05
0.0699592
2.05E-05
0.0734065
2.06E-05
2.07E-05
-0.328592
2.08E-05
2.08E-05
0.0826883
0.0634424
0.0711662
0.0721648
2.10E-05
0.0840831
-0.643654
-0.680755
-0.640223
-0.679805
-0.645193
-0.679367
2.11E-05
0.0851731
2.12E-05
-0.7441
2.11E-05
2.11E-05
2.12E-05
-0.470216
-0.505578
-0.505611
-0.4699
-0.50528
-0.470238
0.0867638
0.0865351
2.12E-05
0.0859465
-0.575676
-0.541015
-0.540576
-0.575115
-0.576061
-0.541037
-0.500825
-0.530241
-0.470572
-0.496278
-0.527525
2.12E-05
-0.131475
-0.0927796
-0.751422
-0.840547
-0.766313
2.11E-05
0.0964887
0.103745
2.11E-05
0.110093
-0.274736
2.09E-05
2.01E-05
0.119715
0.122861
2.01E-05
0.124734
2.00E-05
0.12537
1.98E-05
0.124752
1.97E-05
1.97E-05
0.119914
0.115738
1.98E-05
0.110593
-0.120587
1.98E-05
2.01E-05
2.04E-05
0.0887004
0.090255
2.18E-05
0.0913792
2.26E-05
2.52E-05
0.0929815
0.0932983
2.62E-05
0.0931334
3.62E-05
0.0913812
0.0897034
0.0668369
0.0692525
0.0640071
3.62E-05
0.0808904
0.0765352
2.61E-05
-1.05482
-1.08213
-1.0695
-1.02492
0.0713949
0.0528639
2.51E-05
0.065427
2.25E-05
0.0585964
-0.198231
-0.157722
-0.24248
2.17E-05
0.0508828
0.0860123
0.0817159
2.03E-05
0.0422697
2.00E-05
0.0327511
-0.465051
-0.501551
-0.503868
-0.467541
-0.49797
-0.461176
1.97E-05
0.0223332
1.97E-05
0.0110273
1.96E-05
0.0509888
0.0485388
0.0409898
0.0423734
0.0552765
0.0587046
-0.00113655
0.100531
-0.207689
-0.241484
-0.231894
-0.200676
-0.248622
-0.211916
1.96E-05
-0.867704
-0.8689
-0.897554
-0.900622
-0.835836
-0.836387
1.97E-05
-0.0278427
-0.0422516
1.99E-05
-0.0572503
2.00E-05
0.0776836
0.0794157
0.0756615
2.00E-05
-0.0885344
-0.104541
-0.222645
-0.222959
2.08E-05
-0.120593
2.11E-05
-0.842494
-0.930762
-0.767638
-1.0066
-0.136533
2.11E-05
-0.469667
-0.504049
-0.504421
-0.469876
-0.503799
-0.469518
-0.152194
2.12E-05
-0.167416
2.12E-05
-0.182046
2.12E-05
-0.195945
2.11E-05
-0.208993
-0.0629994
2.11E-05
0.124504
0.126257
-0.22109
2.12E-05
0.12148
0.123353
0.117309
2.11E-05
2.09E-05
0.0608269
0.0569751
0.0847021
0.0909929
0.0774324
2.08E-05
-0.863436
-0.842285
-0.845218
-0.86649
-0.840553
-0.861643
2.07E-05
-0.469649
-0.504025
-0.503784
-0.469507
-0.504395
-0.469857
2.07E-05
2.06E-05
2.05E-05
-0.28992
-0.752517
2.05E-05
-0.291106
2.06E-05
-0.291976
2.09E-05
2.12E-05
0.109808
0.108415
0.114955
0.113407
0.103315
0.102259
-0.293019
-0.29329
2.18E-05
-0.959752
2.25E-05
-0.293444
-0.29349
-0.797962
2.38E-05
-0.293295
2.56E-05
0.0698389
0.0657759
2.89E-05
-0.296156
-0.292604
-0.291987
3.03E-05
-0.29112
3.79E-05
-0.235879
-0.182947
-0.289938
-0.606346
-0.601694
-0.609595
3.91E-05
-0.610718
-0.645578
-0.611135
-0.645121
-0.288365
5.74E-05
-0.286317
3.15E-05
-0.283705
-1.05672
-1.03832
0.000201262
0.000127629
0.0222036
-0.276409
-0.271542
-0.00372548
-0.265749
-0.0629755
-0.0942834
-0.0421777
-0.0277629
-0.0335673
-0.0994556
-0.232193
-0.221112
-0.146679
-0.209007
-0.195951
-0.182043
-0.146733
-0.167405
0.0394913
0.0337759
-0.0995915
-0.152174
-0.0943316
0.0885267
-0.120556
-0.104496
-0.0884809
0.0934181
0.085238
7.91E-05
-0.280433
-0.245251
-0.248351
-0.241485
-0.0726611
0.0860717
0.0944588
0.0866421
4.25E-05
-0.0571827
3.89E-05
-0.470075
-0.504837
-0.470223
-0.505264
0.0869048
3.45E-05
3.56E-05
-0.0140287
3.59E-05
-0.00104672
3.83E-05
0.0111213
3.97E-05
0.0848957
0.0826105
0.0224308
4.17E-05
0.0328519
4.35E-05
4.54E-05
-1.02056
-1.00246
-1.04102
-0.419906
-0.45684
-0.424187
4.73E-05
0.0655374
4.93E-05
0.0631405
5.12E-05
-0.284224
5.32E-05
0.0846286
5.51E-05
-0.947425
0.0875546
5.69E-05
0.089835
5.87E-05
0.0915176
6.04E-05
6.19E-05
0.0932777
0.0934518
6.33E-05
0.0772044
0.0774267
0.0767358
-0.947372
0.0932177
6.44E-05
0.0926213
6.53E-05
6.59E-05
-0.974896
0.0904502
0.0888475
6.61E-05
6.59E-05
0.104207
0.11026
6.52E-05
0.115447
6.41E-05
6.24E-05
0.124459
0.125064
-0.276431
-0.263847
-0.286635
6.01E-05
0.124426
-0.291974
5.71E-05
0.122542
5.35E-05
0.119428
-0.0982954
0.0357946
0.0334971
0.0477548
0.0500063
0.0175943
0.0198837
4.92E-05
0.115181
4.42E-05
0.109842
0.0549292
0.0519296
3.84E-05
0.103519
3.19E-05
2.46E-05
0.0761606
0.0752639
0.0227262
0.0189762
1.66E-05
8.16E-06
0.0418606
-1.02E-06
-1.08E-05
0.0597975
-2.08E-05
-3.11E-05
-4.18E-05
-5.25E-05
-0.719632
-0.692489
-0.69123
-0.718244
-0.69437
-0.721671
-6.32E-05
-0.434936
-0.434848
-7.38E-05
-0.610078
-0.608578
-0.611109
-8.41E-05
-0.503095
-0.419461
-0.341772
-9.40E-05
-0.000103475
0.0869103
0.0956576
-0.963714
-0.000112412
-0.000120741
0.0764163
0.0671146
0.0676011
0.0770661
0.0755394
-0.000128417
-0.0544337
-0.0316335
-0.0130719
-0.000135406
0.00237513
0.00209313
-0.505208
-0.46914
-0.000141692
-0.864155
-0.779334
-0.887815
-0.791172
0.0145889
0.104696
0.0981676
-0.000147281
-0.434555
-0.000152186
-0.000156439
0.0336084
0.0409437
0.0471043
0.115452
-0.000160065
0.0523717
-0.000163136
0.0568419
-0.000165669
0.0606966
-0.000167758
-0.000169492
-0.967993
-0.965936
-0.971121
0.122923
0.122258
0.123934
0.126673
0.124905
0.120411
0.118868
-0.000170902
-0.636948
-0.667163
-0.665491
-0.635202
-1.02937
-1.05107
-0.000172015
0.0712923
0.0989899
0.0925849
0.104457
-0.00017259
0.0730021
0.0906691
-0.000173046
-0.000173201
0.085215
0.0896339
0.0926392
0.076731
-0.000173014
-0.387751
-0.423066
-0.40924
-0.434415
-0.000173199
0.086957
-0.000173043
0.077739
0.0777809
0.0776771
-0.000172586
0.0525902
0.0744066
-0.025423
-0.0468182
0.0773725
-0.000172008
0.0769867
0.0922324
-0.000170892
0.0765745
-0.000169473
0.0759697
-0.000167736
-0.710807
-0.710774
-0.67935
-0.678542
-0.736228
-0.740966
0.111139
0.115743
0.112753
0.108412
0.11804
0.11318
-0.709729
-0.729587
0.0925081
-0.000165646
-0.000163162
0.0874276
-0.188297
-0.000160174
-1.01072
-0.000156468
-0.995542
-0.000152085
0.084506
-0.983508
-0.000147197
-0.974212
-0.000141655
-0.000135387
-0.000128408
-0.956116
-0.954743
-0.000120737
-0.954291
-0.000112411
-0.765714
-0.758906
-0.954726
-0.770729
0.119599
0.122112
0.116375
-0.00010348
-0.956082
-9.40E-05
0.0161264
0.0312978
-0.00039818
-0.346741
-0.310842
-0.383248
-0.387496
-0.0141139
-8.41E-05
-0.962072
-0.967166
-7.38E-05
-0.974252
-6.32E-05
-0.072722
-0.127213
-5.25E-05
-0.997026
-1.014
-4.18E-05
0.0800903
0.082495
-3.11E-05
-0.675435
-0.590012
-2.08E-05
-1.08E-05
0.00198371
-1.06E-06
8.12E-06
1.66E-05
2.45E-05
-0.052663
-0.030453
3.19E-05
0.119635
0.120613
-0.0123641
3.84E-05
0.0990676
0.104557
0.00266008
4.41E-05
0.015036
4.92E-05
0.0254026
-0.258918
5.35E-05
0.0991538
0.0982586
0.105822
0.105077
5.71E-05
0.0473522
0.0525456
-0.2657
-0.270982
6.00E-05
6.23E-05
-0.275159
-0.279499
6.40E-05
0.083754
0.0841145
0.08295
6.52E-05
6.58E-05
6.60E-05
6.58E-05
-0.292595
0.0754956
0.0763553
6.53E-05
0.0769833
6.44E-05
-0.293441
6.33E-05
0.077592
0.0776178
6.19E-05
0.0626864
0.0651389
-0.097626
6.04E-05
-0.293025
5.87E-05
5.69E-05
5.50E-05
0.0776721
0.0861136
5.31E-05
0.128396
0.125251
0.130467
0.0940576
5.12E-05
0.10131
0.0676784
0.0659419
0.0691924
4.92E-05
0.107726
0.0499626
0.0527075
4.72E-05
0.129727
0.130244
0.127488
0.127076
4.53E-05
0.117535
0.120736
-0.480522
-0.488371
-0.471218
0.130401
0.127593
0.131939
4.33E-05
0.122696
4.16E-05
0.123423
-0.25896
3.95E-05
0.122917
3.81E-05
0.121193
-0.242202
3.57E-05
0.118282
3.54E-05
0.11424
3.43E-05
0.035892
0.0387255
0.109183
3.88E-05
4.27E-05
8.07E-05
-0.136504
-0.663915
-0.662894
-0.6795
-0.678258
-0.861957
0.0756036
0.0775993
-0.00869108
-1.91E-05
0.079313
0.000414186
0.08065
9.44E-05
0.081788
0.000139786
0.0691626
0.0684476
0.0570599
0.0586698
0.07835
0.0783289
0.000100193
0.0835813
0.0840679
0.086097
0.09398
0.0776875
9.67E-05
7.83E-05
0.0830274
7.41E-05
0.0816565
6.60E-05
0.0798282
6.12E-05
0.0774195
0.00250401
5.79E-05
0.0743864
5.60E-05
5.45E-05
-1.10493
5.34E-05
0.0484431
0.0551786
5.27E-05
-0.676311
-0.708009
-0.710586
-0.704635
0.0408963
5.25E-05
0.0325332
5.24E-05
-0.272411
-0.21175
0.122621
0.119585
-0.206397
-0.166571
-0.249728
0.0233596
0.092649
5.25E-05
-0.2959
-0.296739
-0.252847
-0.342131
-0.344814
-0.54056
-0.575505
-0.539897
-0.574471
-0.540976
-0.575977
0.0133923
0.130524
0.131488
0.128474
0.0685848
0.0699819
0.0785169
0.0801151
0.058669
0.0574208
5.26E-05
0.00266296
0.0917122
5.28E-05
-0.2058
-0.179372
-0.232366
0.117723
0.115543
0.11878
0.121251
0.111501
5.30E-05
-0.0209054
-0.0336336
-0.00490058
5.32E-05
-0.0468788
5.36E-05
-0.0605313
5.38E-05
-0.0744755
5.36E-05
-0.0885903
-0.211414
-0.172715
5.36E-05
-0.102745
0.0972998
5.36E-05
-0.116796
5.37E-05
-0.130602
5.36E-05
0.0998581
0.0943341
0.104799
-0.144028
5.35E-05
-0.156945
5.32E-05
0.0022755
-0.169234
-0.0146458
-0.0364745
0.00437595
0.0627659
0.0741978
0.0526599
5.28E-05
-0.469853
-0.494002
-0.180792
5.07E-05
-0.191535
0.0476175
0.0333341
5.06E-05
-0.606007
-0.644909
-0.644303
-0.608511
-0.64207
-0.602389
-0.469088
-0.505143
-0.505573
-0.469867
5.04E-05
0.119062
0.122608
-0.21604
5.01E-05
0.0721921
0.0606516
0.0824481
0.0841992
0.0641168
-0.225448
0.0670469
0.0550271
0.0776689
-0.643811
-0.606994
-0.696383
-0.699088
0.120873
0.117956
0.122597
4.99E-05
-0.231624
0.0963847
-0.679375
-0.60241
-0.633028
-0.633215
-0.602348
-0.633498
-0.602703
4.97E-05
-0.236581
-0.674205
-0.678242
4.98E-05
-0.240369
4.98E-05
-0.244286
5.07E-05
5.15E-05
-0.159929
-0.117274
0.0885925
0.0802417
-0.254409
-0.949175
-0.936815
-0.960686
-0.708032
-0.735414
-0.70985
-0.741433
-0.686499
-0.728634
5.49E-05
-0.46946
-0.221501
-0.220605
-0.222166
-0.255611
5.70E-05
-0.256514
-0.701749
6.34E-05
-0.257173
-1.08607
-1.06032
6.59E-05
-0.257635
-0.794797
-0.770133
9.04E-05
-0.257938
-0.258109
-0.690953
-0.690832
-0.662551
-0.663196
-0.717699
-0.718121
-0.589645
-0.551399
-0.528723
-0.570394
9.02E-05
-0.258111
-0.257942
6.58E-05
6.31E-05
0.0631492
0.0644663
-0.25718
-0.256524
5.68E-05
-0.346828
-0.327508
-0.380641
-0.357751
-0.312287
-0.295923
-0.255624
0.0743344
0.065196
0.065993
0.0733039
0.064299
-0.0628156
-0.0873056
-0.0400886
0.00283035
5.47E-05
-0.698909
-0.679034
-0.734733
-0.713089
-0.64384
-0.661456
-0.254425
-0.0825856
5.13E-05
-0.252861
5.05E-05
-0.250861
0.0330684
0.0311586
-0.586646
-0.560867
-0.607478
0.0711574
0.073472
4.96E-05
0.121141
0.124537
-0.620478
-0.716272
-0.713957
0.0726719
-0.11677
-0.130584
-0.102711
4.96E-05
0.12464
0.126487
4.96E-05
0.0249447
-0.236978
-0.681709
-0.721197
4.97E-05
-0.231662
4.99E-05
-0.225482
5.02E-05
5.05E-05
5.05E-05
-0.864088
-0.892534
-0.180803
-0.169239
-1.06619
5.27E-05
-0.156943
0.0671434
5.32E-05
-0.144017
5.34E-05
-0.346599
-0.327384
-0.29574
-0.31166
-0.357871
-0.380673
-0.674353
-0.634685
-0.712392
5.36E-05
-0.457804
-0.494776
-0.451791
-0.488664
-0.462315
-0.499213
5.36E-05
-0.069223
-0.0758826
-0.0982445
-0.105263
-0.0433745
-0.0497068
5.36E-05
-0.0744278
-0.0604769
-0.867826
-0.860809
5.35E-05
0.0687987
-0.505557
-0.0962105
0.0774945
5.35E-05
-0.818245
0.0867493
0.0948551
0.0604123
5.37E-05
0.013477
-0.432927
-0.431279
5.36E-05
0.0234476
0.026516
0.0334347
0.0181779
5.32E-05
-0.296957
-0.293875
-0.342375
-0.335704
-0.253332
-0.253353
0.0326241
0.110892
0.113027
0.108234
-0.570673
-0.537536
-0.571135
-0.537884
-0.570529
-0.537427
5.29E-05
0.0713015
0.0689786
0.121841
-0.674474
-0.677466
5.28E-05
5.26E-05
0.0674639
0.0676831
0.0671642
0.0612163
5.25E-05
5.24E-05
5.25E-05
0.0775294
5.27E-05
0.0799413
5.34E-05
0.0817732
5.44E-05
0.0897955
0.0817572
-0.967243
5.60E-05
0.0838772
0.0842394
5.78E-05
-0.962135
-0.958518
6.12E-05
0.0838056
0.0830947
0.0460202
0.0319294
6.59E-05
0.0821117
7.40E-05
-0.0591568
-0.054991
-0.0312507
-0.0353841
-0.081508
-0.0853372
0.0808968
0.0461056
0.0319921
0.0589132
0.0703698
0.0805691
7.82E-05
-0.395203
-0.388544
-0.434082
9.66E-05
-0.958468
9.99E-05
0.000139392
-0.442248
9.36E-05
-0.531819
-0.526108
-0.536114
0.0895154
0.091484
0.0974435
0.0993744
-0.0803264
-0.0622306
-0.0382419
-0.983958
0.00041551
0.0743837
-1.81E-05
0.0960452
0.102832
-0.00870674
-1.03537
0.108833
-0.053856
-0.191553
-0.201424
-0.0961999
0.113922
-0.425485
0.002213
0.00551052
0.0199103
0.0230852
-0.0172834
-0.0139271
-0.152144
-0.162819
-0.412488
-0.437009
-0.4014
-0.83996
-0.873545
-0.268383
-0.233853
0.123102
0.122375
0.120414
0.0412211
0.0339314
-0.233917
0.117217
-0.163001
-0.0642231
-0.039576
-0.0954152
0.1129
-0.152226
0.117153
0.116141
0.117803
0.107474
0.130059
0.128273
0.129465
0.131223
0.126541
0.128427
0.1011
0.120609
0.1163
0.123835
0.000162795
-0.807085
-0.776202
-0.802971
-0.772658
-0.808892
-0.777456
8.96E-05
0.118076
0.118074
0.0465978
0.0442423
0.0586539
0.0571273
0.0296806
0.0328847
8.17E-05
7.29E-05
0.0873343
0.0890728
7.51E-05
7.57E-05
8.07E-05
-0.0964131
8.37E-05
0.111534
0.113204
0.115563
0.117622
0.106726
0.10799
-0.803421
-0.83427
-0.80045
-0.829909
-0.803978
-0.574026
8.79E-05
-0.538171
-0.540146
-0.534963
9.16E-05
9.57E-05
0.0773938
-0.872647
9.96E-05
0.110999
0.108328
0.113136
0.000103737
-0.306647
-0.277993
-0.487206
-0.582769
-0.333986
0.00010779
-0.396745
0.000111889
-0.315005
0.000115892
0.101456
0.0947638
0.107331
0.000119798
-0.42886
-0.84953
-0.826746
-0.845307
-0.822707
-0.85505
-0.831835
-0.591945
0.000123523
0.000127022
0.0453714
0.000130205
-0.537925
-0.538482
-0.537563
0.113186
-0.0200683
0.000133008
0.0551118
-0.0045002
0.000135353
0.00800915
0.000137143
0.000138278
0.000138667
0.039242
0.000138208
0.000136797
0.0517957
0.0482573
0.000134328
-0.244343
-0.184438
0.0548257
0.000130698
0.103261
0.000125813
0.000103389
-0.0190736
0.0176619
0.000119589
-0.878829
-0.90288
-0.853124
0.0715012
0.000111949
0.0735686
0.0449901
-0.386571
-0.413868
-0.0261374
0.000102823
9.22E-05
8.00E-05
6.63E-05
0.0574523
0.0449662
5.09E-05
0.0680635
0.0680577
-0.397503
0.0312486
0.130748
0.13173
0.129203
0.0679223
0.0827428
3.41E-05
0.0676193
1.63E-05
0.0672625
0.0950235
-0.16286
-0.153436
-2.94E-06
0.0668991
-2.35E-05
0.0858131
0.088577
0.0873121
0.0794538
0.0805965
0.066456
-1.03998
-1.01874
0.0951894
0.0874361
-4.45E-05
0.0786438
-0.679638
-6.62E-05
-8.85E-05
-0.000111064
-1.00137
-0.990252
-0.000133518
0.0706857
-0.981848
-0.000155661
-0.738641
-0.734497
-0.975656
-0.000177251
0.0662753
0.0611164
-0.971178
-0.000198077
-0.968038
0.0443359
0.0311545
0.0562731
-0.000217939
-0.965966
-0.504165
-0.540411
-0.000236667
-0.964787
-0.584564
-0.623561
-0.000254124
-0.9644
-0.000270209
-0.964772
-0.000284854
-0.00878583
-0.000298027
-0.000309739
-0.975586
-0.000320015
-0.981856
-0.000328929
-0.990596
-0.000336534
-1.00265
-0.000342972
-0.54616
-0.000348283
0.108753
0.112386
0.104376
-0.000352665
-0.584036
-0.393633
-0.426908
-0.409287
-0.444236
-0.375744
-0.407247
-0.000356298
-0.163093
-0.493792
-0.000359251
-0.363897
-0.325671
0.048473
0.035635
0.0595326
-0.746701
-0.718932
-0.000361568
-0.000362832
-0.000363736
-0.804412
-0.770422
-0.000364213
-0.0183924
-0.0377459
-0.0190835
-0.837809
-0.840928
0.0416173
0.0264439
-0.293463
-0.252444
-0.335549
-0.000364095
-0.74961
-0.786239
-0.769988
-0.00389465
-0.000364209
0.00849094
-0.000363731
0.0185567
0.096549
0.0911347
0.101167
0.016
0.0163181
-0.000739935
-0.000496267
0.129385
0.127482
0.12786
0.12922
-0.000362824
0.0268577
-0.000361554
-0.832325
0.0442531
0.041573
0.0297533
0.0264009
-0.00035923
-0.000356258
0.0443228
0.0484261
-0.00035262
-0.870989
-0.876829
-0.866569
-0.000348237
-0.000343027
0.021288
0.0358695
-0.000336755
-0.774865
-0.000328989
-0.000319813
0.0664031
0.067052
-0.000309567
0.067525
-0.000297949
-0.258165
0.0466424
0.032897
-0.000284814
-0.25764
0.130474
0.131293
0.129005
0.129921
0.0992896
0.093335
0.10439
-0.000270188
-0.550512
-0.51445
-0.531859
-0.569066
-0.467758
-0.000254112
-0.000236661
-0.000217943
0.0752005
0.0837014
-0.000198093
0.0916282
-0.000177275
0.0988997
-0.000155693
0.105339
-0.000133563
0.112397
0.108734
0.115395
-0.000111121
-0.198112
0.115234
0.118481
-0.458983
-8.86E-05
0.120512
-6.62E-05
-0.251122
-0.103783
-0.080502
-0.128135
0.121326
-0.218395
-4.46E-05
0.120923
-2.36E-05
0.119313
0.0851472
-3.04E-06
-0.210377
0.0766471
0.116518
1.62E-05
0.112599
3.40E-05
0.107677
5.08E-05
6.62E-05
0.066634
7.99E-05
0.0620387
0.0640241
9.21E-05
-0.0885496
0.000102704
0.000111827
0.000119468
0.07058
0.000125692
-0.309355
-0.284512
-0.332933
0.0716248
0.000130576
-0.882987
-0.886101
-0.881169
0.0725914
0.000134218
0.0735156
-0.539911
0.000136703
-0.465555
-0.563865
-0.525625
-0.518263
-0.556631
-0.53118
-0.568516
0.0741512
-0.890617
-0.870883
-0.876694
-0.896655
0.000138113
0.0743799
-0.55795
0.000138571
-0.134909
0.000138187
0.0737515
0.0728217
0.000137049
0.0714257
0.000135264
0.0695215
0.000132924
0.067068
0.000130117
-0.130639
-0.166843
0.0640253
0.000126926
0.0603558
0.000123424
0.0830701
0.0560263
0.000119695
-0.610581
0.114642
0.119535
0.117754
0.000115794
0.0316844
0.0595531
0.0484961
-0.822349
0.0001118
0.0842012
0.0238007
-0.849404
-0.854885
0.000107692
0.0152119
0.000103609
0.00594677
9.94E-05
-0.00395788
9.55E-05
-0.0144545
-0.744237
-0.742155
-0.746197
9.13E-05
8.77E-05
-0.478894
-0.495174
-0.0369594
-0.048797
-0.460328
-0.865995
-0.831623
8.33E-05
-0.838274
8.04E-05
7.53E-05
7.46E-05
7.24E-05
-0.109653
8.16E-05
-0.772183
-0.770321
-0.746036
-0.744556
-0.74826
9.01E-05
0.000166126
0.123951
0.1269
0.125151
0.128213
0.128692
0.130098
-0.325799
-0.355468
-0.344171
-0.333438
-0.305946
-0.0173924
-0.000477961
0.000667671
0.000213846
0.000273909
0.000206362
0.127768
0.000198493
0.0679073
0.000163406
0.0173891
0.0134293
-0.00520863
-0.000325579
0.000153888
0.112291
0.000137954
-0.219431
0.00012806
-0.796277
-0.759482
-0.80164
-0.766113
-0.869873
-0.845288
0.119918
0.000121261
0.101248
0.0947772
0.106731
0.000117435
-0.653246
0.000114213
-0.284238
-0.309623
-0.284633
-0.262073
0.000112094
-0.223137
-0.572936
-0.575333
-0.569278
0.000110739
0.000110303
0.000110183
0.0664576
0.000110336
0.000110676
0.000111065
0.000111419
0.000112016
0.000112844
-0.558389
-0.520215
-0.805737
0.0001131
0.0637894
0.000112823
-0.203249
0.0166876
0.000917963
0.000112758
0.000112922
0.000112995
0.00936193
-0.00978045
-0.540959
0.000112823
0.0441057
0.000112542
-0.883032
-0.863489
-0.881192
-0.86167
-0.886169
0.000112081
-0.575942
0.000111343
-0.153564
-0.179424
0.000106688
0.119702
0.119799
0.1237
0.117826
0.121451
0.121309
0.125331
0.000106451
0.122365
0.126508
0.127274
0.123098
0.122144
0.124
0.11897
0.120866
0.000106049
0.125748
0.125755
-0.6032
-0.633991
-0.604147
0.000105461
0.000105072
0.000104674
0.000104869
0.000104928
0.000106648
0.0599304
0.000108454
-0.00519479
-0.00971624
-0.782942
-0.752016
-0.78879
-0.778248
-0.747812
0.000115478
-0.354925
-0.384492
-0.360175
-0.375119
-0.406741
0.000120025
0.000133244
-0.0756047
-0.0810767
-0.049378
-0.0547053
-0.104834
-0.110074
0.000139031
0.000188102
-1.03406
-1.01578
-1.05622
0.110995
0.000187732
-0.213249
-0.176241
-0.603471
0.000138693
-0.563707
-0.571198
-0.570709
-0.0613432
-0.571959
0.000132819
0.000119565
0.101881
0.107577
-0.219931
-0.19109
-0.249089
0.0729229
0.000114997
0.0738552
-0.360464
0.000108023
0.0870065
0.0743625
0.000106246
0.000104554
0.000104533
-0.538871
0.000104374
0.000104798
0.000105193
0.116129
0.116654
0.000105786
0.000106224
0.000106471
0.000111146
0.000111928
0.124995
0.000112435
0.000112745
-0.730737
-0.727375
0.000112927
0.000112895
-0.384954
-0.892888
0.000112706
-0.135148
0.000112638
-0.206278
-0.211952
-0.173246
0.11538
0.000112972
0.000112838
0.000111991
0.00011138
0.127219
0.000111012
-0.428131
0.000110647
-0.583209
-0.821921
-0.710758
-0.712786
-0.722719
0.000110349
0.000110192
0.000110318
0.0655528
0.00011075
0.0775527
0.0848152
0.000112089
0.000114195
-0.633843
-0.674221
-0.622746
-0.661816
0.000117351
0.067817
-0.890708
-0.896772
0.000121133
0.0679258
0.0678907
-0.143975
-0.113277
-0.176901
0.000127938
0.000137772
0.000153749
0.000163272
0.119387
0.116224
0.000198251
0.132176
0.131048
0.00020575
0.000273086
-0.087541
-0.0872902
-0.113509
-0.115102
-0.0628184
-0.0620677
0.000212319
0.000669523
-0.195851
-0.217538
0.110831
0.126376
-0.000477889
-0.0174308
-0.135184
-0.217239
-0.236513
-0.330232
-0.0688826
-0.0976429
-0.0432347
-0.0205996
-0.000606792
0.086377
0.0871131
-0.330281
0.101842
-0.777289
-0.751175
-0.774124
-0.781489
-0.754986
-0.236719
-0.644087
-0.21737
-0.258766
-0.248861
-0.232323
0.000299047
0.000169289
0.00015363
0.000138039
-0.594395
-0.583703
0.000141834
0.000143296
0.0943324
0.101803
0.101897
0.0930832
0.100846
-0.503706
0.000152364
0.124385
0.123093
0.12688
0.12796
-0.0204538
-0.0258894
0.000158049
0.000165977
0.000172795
0.0742569
0.000180538
0.00018792
0.000195653
0.000203252
-0.413207
-0.387193
-0.414371
-0.443684
0.000210919
0.000218409
0.000225709
0.000232666
0.0691632
0.000239186
0.000245104
0.000250298
0.00025462
0.000257892
0.000259927
-0.795155
0.000260549
-0.477831
-0.519515
0.000259568
-0.0254812
0.000256792
0.00025202
0.00024506
-0.684618
0.000235738
0.000223897
-0.538439
0.000209391
0.000192097
-0.899267
0.000171955
0.000148975
-0.143325
0.000123113
6.77E-05
9.41E-05
0.0690905
6.24E-05
2.88E-05
-0.0614567
-0.0396923
-0.0400147
-0.08488
-7.46E-06
-0.109635
-4.60E-05
-8.55E-05
-0.000126312
-0.712503
-0.00016831
-0.530939
-0.496902
-0.00021065
-0.238434
-0.214525
-0.000252808
-0.000294371
-0.000334887
-0.00037396
-0.000411214
-0.22264
-0.000446338
0.0386518
0.0229967
-0.000479073
-0.000509231
-0.00053669
-0.000561389
-0.000583347
-0.000602616
-0.759121
-0.763679
-0.000619331
-0.000633598
-0.000645675
0.115812
0.120719
-0.000655642
-0.000663867
-0.000670678
-0.000676198
-0.00068057
-0.000683006
-0.000684611
-0.000685614
-0.000685611
-0.000685609
-0.000684602
-0.903301
-0.906538
-0.000682991
-0.213942
-0.176899
-0.000680543
-0.000676158
-0.877806
-0.85183
-0.885812
-0.858786
-0.869436
-0.844523
-0.000670604
-0.208046
-0.212622
-0.175351
-0.17759
-0.242041
-0.249443
-0.000663782
-0.000655558
-0.000645777
-0.8025
-0.807362
-0.798764
-0.000633999
-0.79209
-0.81912
-0.826
-0.797502
-0.812931
-0.786664
-0.000619441
-0.000602252
-0.000583032
-0.000561241
-0.000536614
-0.000509191
-0.000479045
-0.00044632
-0.387689
-0.000411215
-0.000373984
-0.000334931
-0.000294434
0.0670677
-0.000252895
-0.058481
-0.00021076
-0.611223
-0.645555
-0.611055
-0.645026
-0.000168438
-0.191161
-0.000126452
-0.325439
-8.57E-05
-4.62E-05
-7.64E-06
2.86E-05
6.22E-05
9.39E-05
0.124626
0.000122922
0.000148786
-0.695851
-0.693827
-0.664675
-0.668125
0.000171748
0.00019187
0.000209153
-0.838058
-0.605261
0.000223653
0.000235493
-0.771691
0.000244813
-0.576324
-0.576057
0.000251793
0.000256596
0.125115
0.125793
0.00025938
0.000260359
0.000259738
0.000257698
-0.200674
-0.232067
0.0952416
-0.17032
0.000254435
0.00025012
0.0690947
0.000244917
0.000238985
0.000232458
0.000225495
0.000218203
0.000210725
0.000203033
0.000195373
-0.572932
0.000187572
0.112351
0.11467
0.107491
0.109633
0.130162
0.000180107
-0.287302
-0.277052
0.000172288
0.000165419
0.000157381
0.000151701
0.000142466
-0.902112
-0.892692
-0.911506
0.000140873
0.000137042
0.00015344
0.000170243
0.000305028
-0.0311271
-0.00167781
-0.1534
0.000844046
-0.539145
0.00039634
0.000479353
0.000380026
0.000363535
0.000305141
0.000285737
0.000258244
0.00023984
0.00022742
0.000220362
0.000214569
-0.137614
-0.142398
-0.110492
0.000210712
0.000208299
0.000207581
0.000207464
0.000207814
0.000208502
0.000209267
0.000209969
-0.811256
-0.805662
-0.817406
0.000211108
0.000212664
0.000213175
0.000212743
0.000212659
0.00021294
-0.458802
-0.444006
-0.470949
0.000213091
0.000212782
0.000212245
-0.539174
0.000211405
0.000210081
0.000201209
0.000200733
0.00020001
0.000198944
0.000198244
0.000197516
0.000197813
0.000197958
-0.571829
0.000201118
0.000204596
0.00021738
0.000226288
0.000250954
0.109166
0.000262843
-0.377761
-0.419181
0.000349782
0.000349098
0.00026219
0.000250166
0.00456253
0.000225441
0.000216485
-0.508337
0.00020378
0.000200361
-0.595325
0.000197262
-0.700295
0.000197189
0.00019696
0.131828
0.000197751
-0.137179
-0.141827
0.000198476
0.000199556
0.000200344
0.000200842
0.000209738
0.00021113
0.000212045
0.000212634
0.000212973
0.000212892
0.000212556
-0.180771
0.000212413
0.000212956
0.000212662
0.000211068
0.000209903
0.000209182
0.000208462
0.000207848
0.00020749
-0.258727
0.000207616
0.00020833
0.000210714
0.000214541
0.000220212
0.000227191
0.000239604
0.000257913
0.000285491
0.000304885
0.000363005
0.000378845
0.000477828
0.068561
0.000393835
0.000847277
0.127486
0.123943
-0.388381
-0.37783
-0.433773
-0.419494
-0.00168017
-0.0312154
0.128744
0.125294
-0.180919
-0.861667
-0.837545
-0.831344
-0.289545
-0.321118
-0.435082
0.114847
-0.435085
-0.321323
-0.289744
0.130683
0.130628
0.000508233
0.000297467
0.13093
0.000268825
0.000243578
0.000249845
-0.434857
0.000252912
0.000268234
-0.501747
-0.470956
0.00027837
0.000292071
-0.130276
0.000304075
0.000317562
0.000330509
0.000344005
0.000357279
-0.746168
0.000370636
0.00038368
-0.824018
0.000396374
0.000408454
0.00041975
0.000429974
0.000438913
0.000446302
0.000451833
0.000455184
0.000456041
0.000454073
0.000448945
0.00044031
0.000427834
0.000411215
-0.925175
-0.919227
0.000390176
-0.930585
0.00036447
0.000333888
0.000298331
0.000257812
0.000212283
0.000161307
0.000105685
4.66E-05
-1.70E-05
0.101737
-8.45E-05
-0.0194731
-0.000802105
-0.000153821
-0.000225298
-0.000298792
-0.000372851
-0.395072
-0.445145
-0.000446568
-0.000519218
-0.000590017
-0.883978
-0.000658273
-0.000723335
-0.000784662
-0.00084181
-0.000894452
-0.000942379
0.0968924
0.10371
-0.000985487
0.104952
-0.00102381
-0.00105745
-0.609971
-0.644327
0.128523
0.130702
-0.00108662
-0.00111153
-0.00113262
-0.00115003
-0.0011644
-0.00117627
0.121477
0.12543
0.121767
0.125819
0.124628
-0.00118585
-0.00119366
-0.306544
-0.33407
-0.278075
-0.00119796
-0.00120049
-0.00120229
-0.0012024
-0.00120227
-0.00120048
-0.892536
-0.00119793
-0.00119361
-0.574462
-0.00118578
-0.00117615
-0.556157
-0.00116425
-0.00114989
0.123447
0.123452
-0.0011328
-0.00111221
-0.0010868
-0.00105683
-0.00102327
-0.000985227
-0.724496
-0.000942242
-0.000894377
-0.000841758
0.0163358
-0.000784626
-0.000723329
-0.000658308
0.1309
0.128857
0.131892
-0.000590093
-0.000519331
-0.000446727
-0.000373051
-0.000299024
-0.000225557
-0.000154108
-0.751408
-0.735561
-0.762884
-8.49E-05
-1.73E-05
4.63E-05
0.0211712
0.000105321
0.000160923
-0.796466
0.000211916
0.000257453
0.000297944
0.000333468
0.000364023
0.000389713
0.000410744
0.12527
0.000427361
0.000439869
0.000448555
0.000453703
0.000455671
0.118884
0.12132
0.121488
0.124194
0.000454809
0.00045145
0.000445931
0.000438551
0.000429597
-0.743891
0.000419346
0.000408037
-0.517915
0.000395946
0.000383264
0.000370234
0.000356829
0.000343449
0.000329837
0.000316761
0.000303154
-0.819957
0.000291053
0.000277157
0.000267019
0.000251418
-0.0309223
0.124221
0.000248123
-0.458867
0.000241819
0.000268417
0.000299036
0.00051795
-0.0519613
-0.00463418
0.000644485
0.000587545
0.000746858
0.116446
0.116712
0.000634612
0.000610849
0.000525238
0.000490638
0.000447914
0.111405
0.000416872
0.000396078
-0.291389
-0.342937
0.000384155
0.00037467
0.000368265
0.000364365
0.00036336
0.000363439
0.000364251
0.000365627
0.000367091
0.000368482
-0.219908
0.000370642
0.000373435
0.000374348
0.000373667
0.000373651
0.000374171
0.000374444
0.00037397
0.000373034
0.000371636
-0.470196
0.000369457
0.00035378
0.000352868
0.000351662
0.000349824
0.000348581
0.000347302
0.000347757
0.000348201
0.000353572
-0.842343
-0.840583
0.000359838
0.116647
0.116132
0.126182
0.000381311
0.000397658
0.000440313
0.00046306
0.000603789
0.108239
0.107587
-0.439053
0.000602604
0.000461868
0.000438933
0.000396176
-0.0144396
-0.0361548
0.000379743
0.000358391
0.000352234
0.000346977
0.000346654
0.000346334
0.00034774
0.000349037
0.000350905
0.108996
0.000352226
0.000353183
0.000368889
0.000371167
0.000372675
0.000373699
0.000374239
0.00037408
0.00037346
-0.234775
0.000373112
0.000373985
0.000373421
0.000370559
0.000368362
0.000366942
0.000365551
0.000364294
-0.0194935
-0.0191126
0.000363463
0.000363394
0.000364388
0.000368232
0.000374569
0.000383843
0.000395629
0.000416407
0.000447357
0.000490235
0.000524754
0.000609768
0.000632486
0.000744147
0.000583599
0.000649196
-0.00464291
0.128905
0.129057
-0.0521461
-0.235159
-0.36902
-0.416511
-0.546808
-0.546736
-0.416679
-0.36931
0.000813752
0.000494839
0.000446543
0.000408588
0.000418581
0.000424681
0.000449168
0.000466377
0.000488852
0.000508944
0.00053125
0.000552817
0.000575184
0.000597209
0.0006193
0.000640861
0.000661802
0.000681694
-0.480607
-0.508032
0.000700241
0.000716976
0.000731536
0.000743471
0.000752275
0.000757422
0.000758382
0.000754604
-0.0184269
0.000745533
0.000730601
0.000709262
0.000681012
0.000645398
0.000602015
0.000550532
0.000490788
0.000422806
0.000346555
0.000261347
0.000168314
6.94E-05
-3.67E-05
-0.000148746
-0.000264074
-0.000383118
-0.000505316
-0.000628382
-0.000750825
-0.000871441
-0.000988939
-0.00110217
-0.00121007
-0.00131175
-0.00140648
-0.00149372
-0.00157314
-0.00164457
-0.00170807
-0.0017638
-0.00181215
-0.00185344
-0.00188839
-0.00191727
-0.0019411
-0.00196071
-0.00197659
-0.00198982
-0.00199683
-0.00200078
-0.00200396
-0.00200424
0.123087
-0.00200394
-0.00200075
-0.444059
-0.00199678
-0.00198974
-0.00197647
-0.0019605
-0.00194085
-0.00191703
-0.00188866
-0.00185448
-0.00181241
-0.00176282
-0.0017072
-0.00164413
-0.0015729
-0.00149359
-0.00140638
-0.00131168
-0.00121005
-0.00110222
-0.000989061
0.105069
-0.000871632
0.101062
-0.000751095
-0.000628727
-0.00050572
-0.000383572
-0.000264579
-0.000149301
-3.73E-05
6.87E-05
0.000167658
0.000260654
0.000345878
0.000422142
0.000490088
0.000549777
0.000601211
0.000644558
0.000680154
0.0007084
0.000729785
0.000744793
0.000753904
0.000757687
0.000756714
0.000751554
0.000742763
0.000730838
-0.190348
0.000716257
0.000699478
0.000680905
0.000660991
0.000640066
0.000618522
0.000596347
0.000574151
0.000551599
0.000529837
0.000507344
0.000487079
0.000464289
0.000447067
0.000422136
0.000415656
0.000405632
0.00044571
0.000497166
0.000828439
-0.0825084
-0.0111388
-0.000277527
0.000727645
0.00109298
0.000990975
0.00096696
0.000854915
0.000797388
0.000734978
0.000686442
0.000654208
0.000635574
0.000621161
0.000611281
0.000605534
0.000604511
0.000605285
0.000607052
0.000609624
0.000612216
0.000614744
0.000618524
0.000623289
0.000624973
0.000624044
0.000624337
0.00062529
0.000625717
0.000625049
0.000623498
0.000621282
0.00061802
0.000591841
0.00058994
0.000587979
0.000584977
0.000582873
0.000580717
0.000581332
0.000582431
0.000591047
0.000601762
0.00063577
0.000664302
0.000734411
0.000775758
0.000988938
0.000986895
0.000773667
0.000732104
0.000661843
0.000633164
0.000599336
0.000588808
-0.744402
0.00058038
0.00057947
0.000579096
0.000581499
0.000583708
-0.672576
0.00058676
0.000588911
0.000590887
0.000617102
-0.808197
-0.772756
0.000620507
0.000622878
0.000624572
0.000625369
0.000625119
0.00062401
-0.298399
0.000623182
0.000624431
0.000623273
0.000618388
0.000614566
0.000612011
0.000609541
-0.768458
0.000607148
0.000605334
0.000604579
0.000605583
0.000611222
0.000620978
0.000635068
0.00065348
0.000685619
0.000734026
0.000796631
0.000853923
0.000964824
0.000987265
0.0010882
0.000722152
-0.000274352
-0.0111681
-0.0828595
-0.713308
-0.299246
-0.639744
-0.45539
-0.637108
-0.521564
-0.634863
-0.662668
-0.699898
-0.662501
-0.521645
-0.455767
0.00124224
0.000791039
0.000715178
0.000661431
0.000676741
0.000688105
0.000725493
0.000753593
0.000789048
0.000821452
0.000856966
0.000891566
0.00092725
0.000962426
0.000997592
0.00103189
0.00106512
0.00109662
0.00112589
0.00115221
0.00117496
0.00119343
0.00120681
0.00121426
0.00121493
0.00120794
0.00119239
0.00116741
0.00113212
0.00108572
0.0010275
0.00095682
0.000873186
0.000776344
0.000666315
-0.606755
0.000543171
-0.605005
0.000405833
0.00025602
9.66E-05
-7.40E-05
-0.000253774
-0.000438698
-0.000629624
-0.000825388
-0.00102239
-0.00121829
-0.00141117
-0.00159898
-0.00177989
-0.00195222
-0.00211456
-0.00226577
-0.002405
-0.00253172
-0.00264569
-0.00274701
-0.00283594
-0.00291307
-0.00297899
-0.00303477
-0.00308091
-0.00311896
-0.00315007
-0.00317564
-0.0031976
-0.00320839
-0.00321349
-0.00321922
-0.00322067
-0.00321919
-0.00321344
-0.0032083
-0.00319746
-0.801305
-0.00317543
-0.00314973
-0.00311856
-0.00308053
-0.0030352
-0.00298054
-0.00291341
-0.0028344
-0.00274564
-0.00264499
-0.00253133
-0.573253
-0.00240477
-0.571892
-0.0022656
-0.00211444
-0.00195218
-0.00177996
-0.00159917
-0.00141148
-0.00121873
-0.713404
-0.00102295
-0.000826045
-0.000630366
-0.000439523
-0.000254684
-7.50E-05
-0.545716
9.56E-05
0.000254936
0.000404686
0.000542032
0.000665193
0.000775175
0.000871935
0.000955479
0.00102608
0.00108427
0.00113067
0.00116603
0.00119113
0.00120674
0.00121375
0.00121305
0.00120558
0.00119222
0.00117376
0.00115098
0.0011246
0.00109527
0.00106373
0.00103052
-0.144551
-0.144131
0.000996234
-0.113715
0.000960928
0.000925481
0.00088951
-0.038606
0.000854624
0.00081882
0.00941182
0.000786119
0.132207
0.000750173
0.000721994
0.000683893
0.000671926
0.000656622
0.000713594
0.000794368
0.00126328
-0.470934
-0.126151
-0.0249251
-0.00312924
0.000442693
0.00139557
0.00140345
0.00143092
0.00131771
0.00123775
0.00115585
0.0010868
0.00103996
-0.826267
0.00101266
0.000992053
0.000977513
0.000969282
0.000968634
0.00097104
0.000974719
-0.437554
-0.459109
0.000979476
-0.401326
0.128028
0.000984055
-0.363596
0.00098887
0.000996148
0.00100446
0.00100668
0.00100474
0.00100564
0.00100744
0.00100816
-0.085131
-0.087311
0.0010073
-0.0590878
-0.0618994
0.00100484
-0.035318
-0.0386116
0.00100145
-0.013778
-0.0172053
0.000996929
0.00567655
0.0023783
0.000963187
0.000951092
0.000948023
0.000943497
0.000940206
0.000936891
0.113783
0.113334
0.000937416
0.118497
0.118101
0.000939364
0.122473
0.121931
0.000952548
0.000970141
0.00102153
0.00106939
0.116916
0.00118024
0.11205
0.00125331
0.106218
0.00155878
0.00155524
0.00124978
0.0011765
0.00106544
0.00101736
0.000966246
0.000948965
0.000936089
0.000934432
0.000934296
0.000938027
0.000941509
0.000946147
0.000949515
0.000961707
0.00099551
0.00100024
0.00100385
0.00100653
0.00100761
0.00100714
0.00100509
-0.68414
-0.372593
0.00100339
0.0010058
-0.745917
0.00100438
0.000995933
0.000988611
0.000983743
0.000979344
0.000974865
0.000971092
0.000968693
0.00096927
0.000977273
0.000991581
0.00101168
0.0010386
0.00108535
0.0011545
0.00123657
0.00131584
0.00142712
0.126182
0.00139726
0.00138645
0.000434023
-0.00312871
-0.438404
-0.0249937
-0.126718
-0.374199
-0.548097
-0.263975
-0.633949
-0.778227
-0.141241
-0.777959
-0.633855
-0.54854
0.00181436
0.00121975
0.00111288
0.00104399
0.110976
0.00106884
0.00108996
0.00114551
0.00119028
0.00124467
0.0012956
0.00135066
0.00140471
0.129574
0.127533
0.00146011
0.00151477
0.00156921
0.00162225
0.00167349
0.0017219
0.00176667
0.0018067
0.00184102
0.00186848
0.00188786
0.00189783
0.00189705
0.00188414
0.00185775
0.0018165
0.00175906
0.00168421
0.00159084
0.00147801
0.00134498
0.00119135
0.00101709
0.0133915
0.000822514
0.000606732
0.000369443
0.000114116
-0.000152128
-0.000428107
-0.000716776
-0.00101615
-0.00132194
-0.00162931
-0.00193475
-0.00223526
-0.0025277
-0.00280922
-0.00307727
-0.00332966
-0.00356467
-0.861862
-0.003781
-0.00397784
-0.00415485
-0.00431219
-0.00445032
-0.00457013
-0.839989
-0.00467255
-0.00475924
-0.00483102
-0.00489019
-0.00493823
-0.00497815
-0.00501222
-0.00502875
0.12337
-0.00503736
-0.00504803
-0.478326
-0.0050516
-0.005048
-0.00503729
-0.00502863
-0.00501204
-0.00497786
-0.00493775
-0.00488959
-0.00483042
-0.00475989
-0.00467498
-0.00457065
-0.00444803
-0.00431021
-0.00415382
-0.00397726
-0.00378065
-0.00356442
-0.00332951
0.10109
-0.00307724
-0.00280937
-0.00252804
-0.00223579
-0.00193547
-0.0016302
-0.00132298
-0.00101732
-0.000718057
-0.000429463
0.114984
-0.000153576
0.110112
0.000112566
0.104283
0.000367793
0.000605011
0.000820814
0.0010154
0.00118959
0.00134309
0.00147597
0.00158867
0.001682
0.00175687
0.00181443
0.00185584
0.00188234
0.00189526
0.00189601
0.00188603
0.00186669
0.00183924
0.00180488
0.00176474
0.00171986
0.00167136
0.00162015
0.00156712
0.00151244
-0.648236
0.00145736
0.00140151
0.00134703
0.00129153
0.0012401
0.00118496
0.00114003
0.00108349
0.0010614
0.00103648
0.00110979
0.00122355
-0.713407
0.00184259
-0.504859
-0.777406
-0.804377
-0.183551
-0.0487166
-0.00911185
-0.50225
-0.856572
-0.00065723
0.00148995
0.00187206
0.00203836
0.00196963
0.00186683
0.00176327
-0.42665
0.00167319
0.00161316
0.00157715
0.00155053
0.00153188
0.00152276
0.00152458
0.00153049
0.00153751
-0.162931
0.00154537
-0.135713
0.00155169
0.00155741
0.00156624
0.00157858
0.00158489
0.00158458
0.00158688
0.0015895
0.00159006
0.00158837
0.00158409
0.00157849
0.00157232
0.00152926
0.00149899
0.00149352
0.00148659
-0.938307
0.00148124
0.00147606
0.00147629
0.00147948
0.00149846
0.00152613
0.00160067
0.00167801
0.00184737
0.131511
0.00197362
0.13152
0.00239709
0.130458
0.128411
0.00239046
0.130892
0.128859
0.00196746
0.131923
0.00184139
0.131851
0.00167199
0.00159424
0.00152004
0.00149296
-0.936866
0.00147447
0.00147168
0.00147202
0.00147779
0.00148348
0.00149068
0.0014966
0.131758
0.001527
0.00157018
0.00157666
0.0015826
0.00158721
0.00158922
0.00158895
0.00158599
-0.454711
0.00158279
0.00158399
0.00157884
0.0015663
0.00155751
0.00155185
0.00154587
0.0172963
0.00153849
0.00153146
0.00152574
0.00152397
0.00153284
0.00155127
0.00157735
0.00161278
0.00167227
0.00176184
0.00186513
0.00196686
0.0020329
-0.884139
0.00186393
0.001479
-0.00066573
-0.00912518
-0.048954
-0.86106
-0.184602
-0.457873
-0.645034
-0.749646
-0.886902
-0.886585
-0.493915
-0.749176
-0.645183
0.0992467
0.11235
-0.205938
-0.423018
-0.605725
-0.949719
-0.944713
0.130515
-0.470092
0.131234
-0.393272
-0.968304
0.128203
0.125798
0.12481
-0.935651
-0.9248
-0.91385
-0.904472
-0.880579
0.12173
-0.904328
-0.913673
-0.924621
0.120924
0.12103
-0.506149
-0.452052
-0.397268
-0.121242
-0.0891856
-0.0608796
0.0964214
-0.0161339
0.125373
0.12033
0.121234
0.119349
