0.496	-0.1
0.495923	-0.0978855
0.494	-0.1
0.493918	-0.0978763
0.497947	-0.0979277
0.498	-0.1
0.492	-0.1
0.491912	-0.097834
0.49	-0.1
0.489879	-0.0977324
0.488	-0.1
0.487898	-0.0975749
0.486	-0.1
0.485959	-0.0974267
0.484	-0.1
0.48402	-0.0973425
0.482	-0.1
0.482086	-0.0974069
0.48	-0.1
0.480102	-0.097477
0.478	-0.1
0.478091	-0.0975243
0.476	-0.1
0.476081	-0.0975374
0.474	-0.1
0.474086	-0.0975061
0.472	-0.1
0.472095	-0.0974346
0.47	-0.1
0.470116	-0.0974118
0.468	-0.1
0.46813	-0.0974132
0.466	-0.1
0.466145	-0.0974551
0.464	-0.1
0.464146	-0.0975433
0.462	-0.1
0.46214	-0.0975409
0.46	-0.1
0.46015	-0.0975217
0.458	-0.1
0.458156	-0.0975078
0.456	-0.1
0.456166	-0.0975048
0.454	-0.1
0.454163	-0.0974666
0.452	-0.1
0.452169	-0.0974459
0.45	-0.1
0.450179	-0.0974418
0.448	-0.1
0.44819	-0.0974592
0.446	-0.1
0.446187	-0.0974948
0.444	-0.1
0.444158	-0.0975241
0.442	-0.1
0.442138	-0.0974905
0.44	-0.1
0.440132	-0.0974005
0.438	-0.1
0.438149	-0.0973392
0.436	-0.1
0.436168	-0.0973484
0.434	-0.1
0.434163	-0.09742
0.432	-0.1
0.432129	-0.0975136
0.43	-0.1
0.43011	-0.0975119
0.428	-0.1
0.428109	-0.0974034
0.426	-0.1
0.426167	-0.0972354
0.424	-0.1
0.424232	-0.0971465
0.422	-0.1
0.422271	-0.0972054
0.42	-0.1
0.42027	-0.0973528
0.418	-0.1
0.418231	-0.097485
0.416	-0.1
0.416201	-0.0975693
0.414	-0.1
0.414189	-0.0976327
0.412	-0.1
0.412185	-0.0976699
0.41	-0.1
0.410176	-0.0976837
0.408	-0.1
0.408192	-0.0977453
0.406	-0.1
0.406161	-0.0978371
0.404	-0.1
0.404085	-0.0979248
0.402	0.1
0.402017	0.0979496
0.404	0.1
0.403993	0.0979433
0.4	0.0979963
0.402	-0.1
0.402051	-0.0979565
0.406	0.1
0.405989	0.0979863
0.4	-0.0979964
0.4	-0.0959849
0.402082	-0.0959451
0.408	0.1
0.407985	0.0979705
0.4	-0.0939647
0.402106	-0.0939151
0.41	0.1
0.409968	0.0978497
0.4	-0.091944
0.402127	-0.0919052
0.412	0.1
0.411938	0.0976651
0.4	-0.0899232
0.402176	-0.0898903
0.414	0.1
0.413886	0.097533
0.4	-0.0879025
0.402255	-0.0878934
0.416	0.1
0.415858	0.0974726
0.4	-0.0858817
0.402367	-0.0858853
0.418	0.1
0.417827	0.0974346
0.4	-0.083861
0.402458	-0.0839042
0.42	0.1
0.419831	0.0974634
0.4	-0.0818402
0.402509	-0.0819197
0.422	0.1
0.421844	0.0974976
0.4	-0.0798195
0.402526	-0.079918
0.424	0.1
0.423838	0.0974806
0.4	-0.0777988
0.402512	-0.0779104
0.426	0.1
0.425835	0.0974041
0.4	-0.075778
0.402467	-0.0758891
0.428	0.1
0.427813	0.0974054
0.4	-0.0737573
0.402469	-0.0738708
0.43	0.1
0.429829	0.0974747
0.4	-0.0717365
0.402498	-0.0718508
0.432	0.1
0.43183	0.0974654
0.4	-0.0697158
0.402549	-0.0698499
0.434	0.1
0.43383	0.0974488
0.4	-0.067695
0.4026	-0.0678498
0.436	0.1
0.435813	0.097496
0.4	-0.0656743
0.402637	-0.0658586
0.438	0.1
0.437837	0.0975873
0.4	-0.0636535
0.402632	-0.0638621
0.44	0.1
0.439865	0.0975592
0.4	-0.0616328
0.402591	-0.0618398
0.442	0.1
0.441872	0.0974869
0.4	-0.059612
0.402557	-0.0598021
0.444	0.1
0.443873	0.097463
0.4	-0.0575913
0.402552	-0.0577577
0.446	0.1
0.445889	0.0974623
0.4	-0.0555705
0.402557	-0.0557233
0.448	0.1
0.4479	0.0973934
0.4	-0.0535498
0.402549	-0.0536949
0.45	0.1
0.449876	0.0973513
0.452	0.1
0.451831	0.097383
0.4	-0.051529
0.402533	-0.0516701
0.454	0.1
0.453809	0.097489
0.4	-0.0495083
0.402495	-0.049653
0.456	0.1
0.455852	0.0975547
0.4	-0.0474876
0.402469	-0.0476125
0.458	0.1
0.457884	0.0975001
0.4	-0.0454668
0.402489	-0.0455808
0.46	0.1
0.459878	0.0974244
0.4	-0.0434461
0.402514	-0.0435489
0.462	0.1
0.461859	0.0974041
0.4	-0.0414253
0.402539	-0.0415115
0.464	0.1
0.463844	0.0974456
0.4	-0.0394046
0.40257	-0.0394872
0.466	0.1
0.46586	0.0975449
0.4	-0.0373838
0.40259	-0.0374767
0.468	0.1
0.467869	0.0975773
0.47	0.1
0.469882	0.0975798
0.4	-0.0353631
0.402598	-0.0354701
0.472	0.1
0.471885	0.0975449
0.4	-0.0333423
0.402605	-0.0334515
0.474	0.1
0.47388	0.0974818
0.4	-0.0313216
0.402605	-0.0314357
0.476	0.1
0.475863	0.097402
0.4	-0.0293008
0.402585	-0.0294102
0.478	0.1
0.477837	0.0972906
0.4	-0.0272801
0.402574	-0.0273776
0.48	0.1
0.479795	0.0972608
0.4	-0.0252593
0.40258	-0.0253512
0.482	0.1
0.481781	0.0973171
0.4	-0.0232386
0.402569	-0.0233418
0.484	0.1
0.483806	0.097416
0.4	-0.0212178
0.402503	-0.0213419
0.486	0.1
0.48583	0.0974515
0.4	-0.0191971
0.402397	-0.0193364
0.488	0.1
0.487842	0.0974782
0.4	-0.0171764
0.402317	-0.0172888
0.49	0.1
0.489847	0.0975363
0.4	-0.0151556
0.402353	-0.0152403
0.492	0.1
0.49187	0.097669
0.4	-0.0131349
0.402433	-0.0132288
0.494	0.1
0.493873	0.0977978
0.4	-0.0111141
0.402423	-0.0112254
0.496	0.1
0.495923	0.0979298
0.4	-0.00909337
0.40241	-0.00920711
0.498	0.1
0.497964	0.0979846
0.4	-0.00707262
0.402379	-0.0071869
0.5	0.098
0.4	-0.00505187
0.402357	-0.00517752
0.5	0.096
0.497978	0.0959992
0.4	-0.00303113
0.402392	-0.00313875
0.5	0.094
0.497997	0.0940095
0.4	-0.00101038
0.402481	-0.0011332
0.5	0.092
0.497997	0.0920099
0.4	0.00101037
0.402552	0.000871696
0.5	0.09
0.497891	0.0900058
0.4	0.00303112
0.40254	0.0028689
0.5	0.088
0.497744	0.088046
0.4	0.00505186
0.402501	0.0048879
0.5	0.086
0.497662	0.0860875
0.4	0.00707261
0.402474	0.00692444
0.5	0.084
0.497609	0.0841118
0.4	0.00909336
0.402519	0.00894949
0.5	0.082
0.497583	0.082112
0.4	0.0111141
0.402524	0.0109485
0.5	0.08
0.497571	0.0801138
0.4	0.0131348
0.402488	0.0129681
0.5	0.078
0.497535	0.0781004
0.4	0.0151556
0.402485	0.0149931
0.5	0.076
0.497436	0.0761338
0.5	0.074
0.497344	0.0741839
0.4	0.0171763
0.402519	0.0170224
0.5	0.072
0.497363	0.0722142
0.4	0.0191971
0.40255	0.0190537
0.5	0.07
0.497497	0.0701785
0.4	0.0212178
0.40259	0.0210869
0.5	0.068
0.497606	0.0681111
0.4	0.0232386
0.40265	0.0231089
0.5	0.066
0.497582	0.0660548
0.4	0.0252593
0.40272	0.0251096
0.5	0.064
0.497514	0.0640788
0.4	0.0272801
0.402767	0.0270932
0.5	0.062
0.497484	0.0621024
0.4	0.0293008
0.40276	0.0290783
0.5	0.06
0.497457	0.0601222
0.4	0.0313216
0.402702	0.0310877
0.5	0.058
0.49745	0.0581297
0.4	0.0333423
0.402636	0.0331258
0.5	0.056
0.497464	0.0561264
0.4	0.0353631
0.402598	0.0351788
0.5	0.054
0.497482	0.0541268
0.4	0.0373838
0.402586	0.0372289
0.5	0.052
0.497525	0.0521286
0.4	0.0394046
0.402571	0.0392628
0.5	0.05
0.497607	0.0501121
0.4	0.0414253
0.402554	0.0412972
0.5	0.048
0.497621	0.0481116
0.4	0.043446
0.402543	0.0433169
0.5	0.046
0.497598	0.0461057
0.4	0.0454668
0.402534	0.0453364
0.5	0.044
0.497533	0.0440961
0.4	0.0474875
0.402529	0.0473625
0.5	0.042
0.497433	0.0421055
0.4	0.0495083
0.402556	0.0493954
0.5	0.04
0.49732	0.0401309
0.4	0.051529
0.402621	0.0514024
0.5	0.038
0.497285	0.0381754
0.4	0.0535498
0.402621	0.053383
0.5	0.036
0.49733	0.0362
0.4	0.0555705
0.402544	0.0553901
0.5	0.034
0.497419	0.0341699
0.4	0.0575913
0.40247	0.0574132
0.5	0.032
0.497438	0.0321374
0.4	0.059612
0.402424	0.0594411
0.5	0.03
0.497446	0.0301385
0.4	0.0616328
0.402407	0.0614644
0.5	0.028
0.497487	0.0281307
0.4	0.0636535
0.402421	0.0634776
0.5	0.026
0.49753	0.0261236
0.4	0.0656743
0.40243	0.0654771
0.5	0.024
0.497576	0.024122
0.4	0.067695
0.402426	0.067508
0.5	0.022
0.49761	0.0221077
0.4	0.0697158
0.40246	0.0695526
0.5	0.02
0.497606	0.0200967
0.4	0.0717365
0.4025	0.0715778
0.5	0.018
0.497584	0.0180885
0.4	0.0737573
0.402552	0.0736235
0.5	0.016
0.497544	0.0160796
0.4	0.075778
0.402594	0.0756602
0.5	0.014
0.497455	0.0140914
0.4	0.0777987
0.40263	0.0776847
0.5	0.012
0.497439	0.0121146
0.4	0.0798195
0.402636	0.0796961
0.5	0.01
0.497441	0.0101372
0.4	0.0818402
0.402604	0.0817052
0.5	0.008
0.497473	0.00813523
0.4	0.083861
0.402553	0.0837168
0.5	0.006
0.497459	0.00611548
0.4	0.0858817
0.402489	0.0857368
0.5	0.004
0.497446	0.00410401
0.4	0.0879025
0.402406	0.0877741
0.5	0.002
0.497433	0.00209537
0.4	0.0899232
0.402377	0.0897987
0.5	5.00E-16
0.497418	9.19E-05
0.4	0.091944
0.402286	0.0918215
0.5	-0.002
0.497414	-0.00190249
0.4	0.0939647
0.40218	0.0938533
0.5	-0.004
0.497438	-0.0038924
0.4	0.0959848
0.402073	0.0958967
0.5	-0.006
0.49747	-0.00589137
0.5	-0.008
0.49749	-0.00788981
0.5	-0.01
0.497507	-0.00988909
0.5	-0.012
0.49752	-0.0118966
0.5	-0.014
0.497513	-0.0139135
0.5	-0.016
0.497485	-0.0159252
0.5	-0.018
0.49746	-0.0179274
0.5	-0.02
0.497474	-0.0199204
0.5	-0.022
0.497535	-0.0219293
0.5	-0.024
0.497564	-0.0239312
0.5	-0.026
0.497552	-0.0259592
0.5	-0.028
0.497509	-0.0279515
0.5	-0.03
0.497489	-0.0299447
0.5	-0.032
0.497535	-0.0319307
0.5	-0.034
0.497562	-0.0339291
0.5	-0.036
0.497579	-0.0359269
0.5	-0.038
0.497583	-0.0379228
0.5	-0.04
0.497588	-0.0399197
0.5	-0.042
0.497598	-0.0419166
0.5	-0.044
0.497569	-0.043914
0.5	-0.046
0.497524	-0.0458877
0.5	-0.048
0.497516	-0.0478806
0.5	-0.05
0.497544	-0.049891
0.5	-0.052
0.497569	-0.0519129
0.5	-0.054
0.497565	-0.0539241
0.5	-0.056
0.497551	-0.0559119
0.5	-0.058
0.497552	-0.0578905
0.5	-0.06
0.49757	-0.0598725
0.5	-0.062
0.497585	-0.0618752
0.5	-0.064
0.497573	-0.0638911
0.5	-0.066
0.497517	-0.0659027
0.5	-0.068
0.49749	-0.0679225
0.5	-0.07
0.497516	-0.0699571
0.5	-0.072
0.49769	-0.0719597
0.5	-0.074
0.497897	-0.0739259
0.5	-0.076
0.497819	-0.0759877
0.5	-0.078
0.497651	-0.0779863
0.5	-0.08
0.49765	-0.0798929
0.5	-0.082
0.497937	-0.0818796
0.5	-0.084
0.497997	-0.0839904
0.5	-0.086
0.497955	-0.0858983
0.5	-0.088
0.497664	-0.0876987
0.5	-0.09
0.49762	-0.0896225
0.5	-0.092
0.497715	-0.0916777
0.5	-0.094
0.497822	-0.09378
0.5	-0.096
0.497897	-0.0958705
0.5	-0.098
0.489696	-0.0934509
0.489752	-0.0914909
0.488093	-0.0897878
0.487842	-0.0926133
0.491709	-0.093521
0.491319	-0.0912274
0.447984	0.0385252
0.448112	0.0431951
0.44296	0.0383996
0.442997	0.0430945
0.452931	0.038716
0.453228	0.0434041
0.442771	0.0160999
0.437696	0.0162495
0.442694	0.0118013
0.437784	0.0119886
0.443134	0.0204499
0.437858	0.0203346
0.447566	0.0115376
0.447662	0.0158493
0.45247	0.0154475
0.452392	0.0111794
0.448306	0.0335038
0.442889	0.0337892
0.453219	0.0346448
0.447985	0.0202758
0.448273	-0.0199347
0.44942	-0.0171466
0.446012	-0.0134551
0.443887	-0.0183738
0.452862	-0.020885
0.452537	-0.0166004
0.44827	0.0477864
0.443169	0.0477503
0.453424	0.048034
0.452072	-0.0335112
0.450691	-0.0364827
0.452965	-0.0396025
0.456711	-0.0357075
0.446472	-0.036758
0.446913	-0.0324957
0.447363	-0.0411263
0.45436	-0.0448675
0.447931	-0.0454597
0.437895	0.0430859
0.437955	0.0384448
0.447921	-0.0240729
0.452581	-0.0250144
0.441607	-0.0365128
0.442317	-0.0321112
0.438149	-0.0313744
0.436307	-0.0358524
0.44756	0.00726019
0.442719	0.00746838
0.452369	0.00702194
0.448332	-0.0505883
0.442822	-0.0507081
0.443107	-0.0559466
0.448347	-0.0559344
0.442137	-0.0456373
0.451737	-0.0127174
0.448189	0.0292131
0.443189	0.0292131
0.449932	0.0305381
0.452547	0.0197544
0.443313	-0.0231115
0.442969	-0.0276061
0.438492	-0.0270105
0.456933	-0.0168483
0.457315	-0.0211333
0.451651	-0.0088022
0.456975	-0.0130879
0.457063	-0.00954073
0.446643	-0.00805669
0.448957	0.0251384
0.44331	0.0247195
0.452689	0.0299151
0.453614	0.0242886
0.456862	0.0295581
0.452763	-0.00548606
0.447739	-0.00268609
0.452363	0.0026856
0.4476	0.00284132
0.458185	0.0392315
0.458284	0.043743
0.452354	-0.0293385
0.457079	-0.0300319
0.44759	-0.0284024
0.453559	0.0526956
0.448591	0.0522337
0.458485	0.0530788
0.458421	0.0483502
0.45722	0.00663403
0.457307	0.00249631
0.442262	-0.00705768
0.439933	-0.0127261
0.452597	-0.00140779
0.457414	-0.00162366
0.457327	-0.00577186
0.437965	0.033744
0.437993	0.0476873
0.443345	0.0524354
0.453682	0.0573858
0.448757	0.056899
0.432319	0.0163782
0.432966	0.0120341
0.457875	0.0345824
0.43244	0.020289
0.458731	-0.0409134
0.458371	0.0579342
0.442871	-0.00174988
0.441676	-0.0409654
0.435171	-0.0398044
0.457389	0.0235134
0.459058	0.0264507
0.45736	0.0191326
0.437595	-0.0507543
0.437975	-0.0559771
0.433903	-0.0306985
0.433805	-0.0342286
0.45362	-0.0561981
0.453623	-0.0508816
0.438054	-0.00122229
0.437656	-0.00609546
0.437936	0.00755747
0.442922	0.00312729
0.438186	0.024254
0.448382	-0.0611787
0.443141	-0.0611691
0.438147	0.0290247
0.457222	0.0149774
0.457215	0.010791
0.458911	-0.0565651
0.459276	-0.0614527
0.453788	-0.0612646
0.458937	-0.0516537
0.438248	0.0525283
0.443451	0.0572994
0.438724	-0.0225793
0.462654	0.034795
0.463177	0.0393939
0.462404	0.022458
0.462059	0.0186228
0.436733	-0.0454552
0.449115	0.0614889
0.453544	0.0618232
0.457218	-0.0254317
0.43818	0.0572706
0.445462	0.062155
0.462031	-0.0134744
0.462093	-0.00965272
0.461874	-0.0173147
0.46252	0.0306659
0.459947	-0.0477267
0.46205	-0.0447001
0.463329	0.053264
0.463478	0.0485607
0.462004	0.0145611
0.463434	0.0439836
0.462015	0.0104946
0.463183	0.0580767
0.433932	-0.0267427
0.46212	0.00639783
0.432611	-0.0509179
0.431698	-0.0457705
0.462184	0.00232522
0.432759	0.0430897
0.4328	0.0478305
0.433052	0.0383692
0.462256	-0.0017619
0.4628	0.0265364
0.462214	-0.00579096
0.464183	-0.0566753
0.464623	-0.061573
0.43318	0.00773259
0.427563	0.0159986
0.428132	0.0119998
0.433183	0.024295
0.426389	0.0204308
0.461978	-0.025506
0.461827	-0.0295336
0.464343	-0.0526193
0.438063	-0.0611841
0.43356	0.0737848
0.432703	0.0684826
0.437185	0.0674164
0.437383	0.072275
0.429803	0.0755681
0.428561	0.0716147
0.43923	-0.0179022
0.43798	0.00309973
0.467233	0.0264807
0.467007	0.022362
0.441486	0.062266
0.437833	0.0621616
0.459619	-0.0663385
0.453962	-0.0661649
0.433069	-0.056039
0.448388	-0.0661977
0.434087	-0.0184616
0.433903	-0.0226279
0.468217	0.0533302
0.467825	0.0581159
0.433104	0.00336813
0.467391	0.03066
0.462017	-0.0213483
0.433146	0.0526496
0.433383	0.0577538
0.460351	0.0669408
0.458683	0.0631009
0.463197	0.067546
0.463168	0.0627078
0.45877	0.0699547
0.456294	0.0669478
0.44131	0.0669597
0.445263	0.0664406
0.461846	-0.0342198
0.449036	0.0663717
0.466955	-0.0137499
0.466901	-0.00968645
0.467099	-0.0176311
0.468545	0.0486423
0.462578	-0.0382345
0.464053	-0.0413173
0.467672	-0.0413462
0.467401	-0.0373199
0.430124	-0.0407917
0.466987	0.00622713
0.467067	0.00223726
0.467112	-0.00176173
0.467055	-0.0057172
0.427781	0.0427188
0.427171	0.0475266
0.470362	-0.0730324
0.469022	-0.0703032
0.468834	-0.0756814
0.464422	-0.0722072
0.473848	-0.073305
0.472703	-0.069537
0.467	-0.0215537
0.466857	-0.0255112
0.466791	-0.0295633
0.466819	0.0182844
0.46571	-0.0663245
0.468648	0.0439995
0.466958	-0.0452188
0.452151	0.0706185
0.454899	0.0701784
0.456398	0.0724811
0.45298	0.0750047
0.4528	0.0661993
0.469522	-0.0530311
0.469198	-0.0570878
0.469289	-0.0612974
0.433177	0.0627705
0.428176	0.0673143
0.428558	0.0628849
0.473243	-0.0770602
0.433824	0.0787671
0.430163	0.0798892
0.442766	-0.0664076
0.433175	-0.0612262
0.433638	-0.0148361
0.471754	0.0263028
0.471519	0.0221671
0.428508	0.00782242
0.421384	-0.028389
0.422603	-0.0324327
0.42483	-0.0272429
0.426122	-0.0317691
0.417937	-0.0297899
0.418584	-0.0325999
0.427042	-0.0464019
0.427772	-0.0510986
0.461215	0.0723486
0.433257	0.0289506
0.433202	0.0336672
0.469523	0.072501
0.467053	0.0685692
0.472152	0.0672307
0.473486	0.0709825
0.464307	0.0738411
0.467144	0.0759199
0.428245	-0.056097
0.429912	-0.0310287
0.429352	-0.0269279
0.431356	-0.0354368
0.427953	-0.0364602
0.465479	-0.0487651
0.467571	0.0630792
0.432678	-0.00617315
0.432903	-0.00143943
0.427625	-0.00156819
0.42817	-0.00686712
0.437967	-0.066399
0.433123	-0.0664521
0.437375	-0.0716871
0.432966	-0.0718559
0.459501	-0.0710721
0.454209	-0.0710454
0.467698	0.0350461
0.428591	0.0335543
0.42833	0.0290847
0.44851	-0.0709241
0.466748	0.0142871
0.466842	0.0102662
0.428436	0.0531792
0.428257	-0.0154432
0.428553	-0.019145
0.428591	0.0581716
0.428177	0.0243768
0.432981	-0.011507
0.427853	-0.0119284
0.436834	-0.0100176
0.448809	0.0711214
0.428811	-0.0229806
0.471871	0.0628436
0.466945	-0.0334832
0.472089	0.0304559
0.473042	0.0534637
0.472467	0.0581177
0.46819	0.0394764
0.47331	0.0393288
0.472491	0.0348749
0.471259	-0.0133609
0.472658	-0.0177245
0.428144	0.038141
0.441444	0.071615
0.445207	0.0712842
0.472057	-0.0414188
0.472102	-0.0374288
0.470556	-0.0492239
0.473648	0.0486955
0.428421	0.00357683
0.424087	0.037947
0.41983	0.0381252
0.420187	0.0343555
0.42424	0.0337068
0.423122	0.0417698
0.419098	0.041721
0.473849	0.0439338
0.437706	0.0769451
0.471992	-0.0216631
0.423859	0.0676079
0.423714	0.0629744
0.471433	0.0180947
0.471825	-0.0255385
0.424665	0.0718824
0.471684	-0.00962605
0.47173	-0.0295442
0.471896	-0.0454169
0.47199	-0.0658655
0.422772	0.0148399
0.421742	0.0181965
0.458275	0.0770764
0.42844	-0.0665251
0.428533	-0.0718977
0.428509	-0.0611559
0.425648	-0.0415998
0.446078	-0.0797026
0.450049	-0.0787381
0.449015	-0.0751626
0.443019	-0.0762282
0.447816	-0.0827871
0.450987	-0.0822985
0.423158	-0.0195888
0.423048	-0.0156714
0.454886	-0.0793647
0.454626	-0.0753819
0.471594	0.0752605
0.474655	0.0749413
0.470373	0.0780481
0.419195	-0.0242756
0.423761	-0.0233103
0.442929	-0.0712447
0.476288	0.0260338
0.475893	0.0218536
0.425776	0.0763957
0.476865	0.0664537
0.477588	0.0704484
0.471465	0.0140956
0.471598	0.0101171
0.423189	0.0292131
0.483785	0.0410035
0.479482	0.0438077
0.478025	0.0388468
0.48176	0.0377904
0.486937	0.0419337
0.48422	0.0454702
0.471831	0.00614834
0.472038	0.00216278
0.423879	0.0585449
0.472015	-0.00179463
0.471972	-0.00572811
0.423029	-0.0514944
0.422537	-0.047067
0.45928	-0.0759827
0.449148	0.0756595
0.413513	-0.0173909
0.417502	-0.0196896
0.414574	-0.0146656
0.41869	-0.0154189
0.4113	-0.0190533
0.414243	-0.0211867
0.476736	0.0625112
0.476674	0.0301495
0.420148	0.0489386
0.416598	0.0497954
0.417642	0.0456218
0.42183	0.0452949
0.415177	0.0539825
0.419589	0.0541257
0.423327	-0.055951
0.471908	-0.0334738
0.477883	0.0536568
0.477014	0.0582248
0.416494	-0.0276581
0.475765	-0.0133968
0.476586	-0.00965937
0.441528	0.0763625
0.445338	0.0760854
0.476691	-0.0416156
0.476932	-0.0376263
0.474257	-0.0533401
0.475605	-0.0495115
0.47372	-0.060587
0.47454	-0.0631163
0.473576	-0.0571289
0.423246	-0.0116451
0.480064	0.0212661
0.483722	0.0206767
0.483664	0.0240894
0.480202	0.0253672
0.480393	0.0174381
0.48476	0.0167499
0.478441	0.0488067
0.423009	-0.00410519
0.423173	0.000912541
0.42159	-0.00172636
0.423494	-0.00763134
0.421111	0.0230557
0.4227	0.0257524
0.419219	0.020941
0.423848	0.0041306
0.416225	0.0386045
0.416714	0.0351961
0.476658	0.00613609
0.476892	0.00220799
0.476881	-0.00180515
0.477047	-0.0699458
0.477761	-0.0733998
0.476869	-0.00591174
0.477422	-0.0181659
0.476772	-0.0219503
0.476657	-0.0256932
0.418701	-0.00165221
0.418375	-0.00460808
0.418731	0.00178177
0.476521	-0.0297107
0.453762	0.0791296
0.475957	0.0178176
0.418995	0.0628091
0.418982	0.0675657
0.416486	-0.0378469
0.415225	-0.0397391
0.419956	-0.0396533
0.416152	-0.0415215
0.412971	-0.039646
0.413701	-0.037359
0.476451	-0.045493
0.477991	-0.0606371
0.47778	-0.0638704
0.423557	0.0114016
0.467805	-0.0793441
0.472493	-0.0808036
0.426589	0.0807625
0.477012	0.0343223
0.477448	-0.0773484
0.412806	0.0501096
0.414206	0.0471894
0.424132	-0.0660382
0.423678	-0.0717664
0.421642	-0.0426714
0.437517	-0.0763719
0.433134	-0.0769782
0.418282	-0.0352171
0.423195	-0.0366359
0.479073	-0.0144075
0.47512	0.0793141
0.463592	-0.0768553
0.483869	0.0769647
0.479889	0.0795849
0.482127	0.0738012
0.478562	0.0748372
0.486831	0.0780578
0.484017	0.081656
0.485563	0.0724548
0.485942	0.0748644
0.423961	-0.0608655
0.487012	0.019793
0.486847	0.0225234
0.418106	-0.0519491
0.418215	-0.0478101
0.423807	0.00781095
0.429032	-0.0773867
0.423936	0.0539766
0.42555	-0.0778673
0.481435	0.0659927
0.48173	0.0698403
0.429018	-0.0820813
0.432627	-0.0823617
0.42827	-0.0865604
0.431309	-0.0855409
0.419024	-0.0561481
0.419598	0.030643
0.418464	-0.00777589
0.423533	0.0502375
0.466871	-0.0818971
0.46355	-0.0812967
0.476112	0.0139241
0.476372	0.0100844
0.419279	-0.0678079
0.419942	-0.0644175
0.460192	-0.0814455
0.418837	0.0586351
0.462488	0.0784448
0.434362	0.0823041
0.438047	0.0813118
0.481175	0.0622622
0.476775	-0.0336462
0.481504	0.0296911
0.410314	-0.0899481
0.412874	-0.0870385
0.409108	-0.0883215
0.410064	-0.0864519
0.413119	-0.0898222
0.41075	-0.0922963
0.482217	0.0538514
0.481253	0.0583388
0.470181	0.0816858
0.46625	0.0799631
0.477863	-0.0575334
0.477042	-0.0667309
0.414738	0.0421858
0.48197	-0.00999009
0.481136	-0.0417296
0.481324	-0.0377338
0.4417	0.0809771
0.481624	-0.0460033
0.445607	0.080719
0.47989	-0.0500778
0.478583	-0.0544369
0.413567	-0.042143
0.477342	-0.0814628
0.409674	-0.0160446
0.410648	-0.0140104
0.422024	0.0771319
0.422779	0.0812787
0.421116	0.072808
0.418617	-0.0115164
0.430341	0.0848362
0.48089	0.013676
0.418954	0.00478805
0.48094	0.0100757
0.481103	0.00638867
0.481709	0.00228227
0.481259	-0.00183492
0.449626	0.080228
0.469635	-0.0833468
0.414014	-0.0313506
0.414919	-0.0330862
0.481551	-0.0190024
0.481442	-0.0224093
0.437083	-0.0806142
0.412265	0.0705263
0.413493	0.0722008
0.409862	0.0707946
0.410534	0.0730303
0.416209	0.0704756
0.413281	0.0682228
0.482116	-0.0580833
0.48193	-0.0610819
0.474725	0.0838459
0.481532	-0.0642063
0.426975	0.0852175
0.418868	0.0819478
0.418117	0.0777397
0.42379	0.085121
0.415068	0.0232021
0.416231	0.0250784
0.461553	0.0856336
0.464689	0.0863341
0.463914	0.0893603
0.461538	0.0886994
0.465566	0.0835283
0.461702	0.0824217
0.46733	0.0878419
0.469692	0.0856928
0.419829	-0.0743895
0.422644	-0.0794899
0.445415	-0.0840821
0.443131	-0.0819733
0.440605	-0.0807905
0.417661	-0.0695306
0.482417	-0.0156661
0.487148	0.0178911
0.453854	0.0838367
0.457981	0.0822014
0.419419	-0.0601354
0.472754	0.0862723
0.478909	0.0841947
0.485663	0.0655876
0.486071	0.0690928
0.418497	0.0139567
0.417849	0.0166066
0.418585	0.0110117
0.418944	0.00788671
0.417092	0.0275257
0.490568	-0.0889656
0.482294	0.0493559
0.466058	0.0900316
0.414885	0.0580537
0.413693	0.0615044
0.457227	-0.0842681
0.454366	-0.0826451
0.461039	-0.0852502
0.458321	-0.0881077
0.45541	-0.0868003
0.453409	-0.085929
0.413489	-0.029695
0.436773	-0.0847368
0.439266	-0.085458
0.414472	-0.0236609
0.42292	-0.0838201
0.425835	-0.0832393
0.419612	-0.0812647
0.419874	-0.0859988
0.417831	-0.0775798
0.414853	0.00208424
0.414685	-0.000948465
0.414463	0.0108214
0.41454	0.00799065
0.413752	0.0133917
0.413731	-0.0537833
0.414641	-0.0564772
0.42101	0.0858072
0.425442	-0.0874877
0.415083	-0.0654415
0.415384	-0.0628297
0.435182	0.0855142
0.438199	0.0856743
0.41492	-0.0596219
0.408479	-0.0912712
0.407988	-0.0898032
0.416294	0.0323379
0.449748	0.0846184
0.414507	0.0303753
0.481671	-0.00583453
0.413949	-0.0260711
0.485649	0.0619454
0.41425	-0.0352946
0.414177	-0.00735852
0.413706	-0.00393258
0.481148	-0.0299703
0.481193	-0.0260708
0.481404	-0.0339247
0.484768	0.0267701
0.414346	0.0161582
0.48188	-0.0550079
0.481397	-0.0674781
0.484377	-0.0128509
0.48145	-0.0703027
0.481764	-0.0733902
0.441813	0.085029
0.481644	-0.077237
0.481763	-0.0809113
0.445766	0.085497
0.409096	-0.0172721
0.466769	-0.085716
0.483001	-0.051365
0.485321	-0.0483291
0.485265	0.0586157
0.486076	0.0561294
0.485458	-0.0806171
0.485456	-0.0771157
0.473134	-0.0850644
0.470522	-0.0863823
0.48257	-0.0845999
0.486048	-0.0840953
0.479363	-0.0858028
0.44864	-0.0860051
0.446249	-0.0867495
0.485133	0.00659924
0.485326	0.00989407
0.464058	-0.0860264
0.413331	0.0338819
0.413637	0.0360823
0.4856	0.00412155
0.434374	-0.0855961
0.416569	-0.0829222
0.416265	-0.0860203
0.415728	-0.0800225
0.485665	-0.00933892
0.486022	-0.00739473
0.485951	-0.0169001
0.485616	-0.0196563
0.485534	-0.029969
0.485553	-0.0264377
0.475585	-0.085663
0.485828	-0.0339692
0.485644	-0.0381921
0.485472	-0.0419005
0.456538	-0.0893095
0.485462	-0.0448529
0.451175	-0.0857227
0.410332	0.0685044
0.486438	-0.0582181
0.485823	-0.0616571
0.485453	-0.0646806
0.48532	-0.0672533
0.486131	-0.0698852
0.486333	0.0526005
0.486361	0.0496998
0.487216	0.0248829
0.413713	0.021678
0.416548	0.0193845
0.414356	-0.0110683
0.486806	-0.0147179
0.412924	-0.0521138
0.414305	-0.0501815
0.486751	-0.0114134
0.413752	0.00530869
0.41507	-0.0727916
0.414345	-0.0755889
0.414757	-0.0702357
0.414173	-0.0673694
0.458356	0.0857932
0.455614	0.0871794
0.468638	-0.0871563
0.417828	-0.0440172
0.414255	-0.0446006
0.414217	-0.0474661
0.444197	-0.0876642
0.442415	-0.0857282
0.472679	-0.0888171
0.470627	-0.0892478
0.412705	-0.0277817
0.412705	0.0323363
0.48867	0.0750544
0.41338	-0.0840136
0.413187	-0.0817405
0.450827	-0.0890471
0.44872	-0.0891489
0.413363	0.0385329
0.44661	-0.0899268
0.433027	0.0864817
0.444853	-0.0902092
0.413551	0.0184647
0.476614	0.088009
0.474964	0.0890195
0.478975	0.087782
0.410383	-0.0844064
0.414418	0.0443525
0.413165	0.0462672
0.412422	-0.0803461
0.413665	-0.0783421
0.410194	-0.0802677
0.410645	-0.0780326
0.411382	-0.0690366
0.411049	-0.0707453
0.418576	0.086506
0.41663	0.0844243
0.410856	-0.0644845
0.410867	-0.0624095
0.410754	-0.0604911
0.410924	-0.044198
0.410698	-0.0420032
0.410469	-0.0396829
0.410433	-0.027661
0.410756	-0.0255994
0.482752	0.0853018
0.410883	-0.0235377
0.411761	0.0241793
0.410666	0.0224556
0.487357	-0.0504584
0.486202	-0.0526145
0.410084	-0.00311883
0.410043	-0.00527138
0.487196	0.054514
0.412879	0.0404541
0.408535	-0.0932891
0.411036	0.00846664
0.410908	0.0105269
0.452007	0.0888426
0.449776	0.0880849
0.410434	0.0124744
0.410489	0.0145993
0.410837	0.0163478
0.417838	0.0737225
0.414329	0.0745772
0.414132	0.0767982
0.410508	0.0183703
0.489831	-0.0955329
0.491816	-0.0956686
0.412046	0.0280709
0.411118	0.0301227
0.486056	-0.00383042
0.487085	-0.0056237
0.485413	-0.00168703
0.410679	0.0366171
0.410379	0.034613
0.410348	0.0388567
0.487823	-0.095128
0.410372	0.0410804
0.485641	-0.0228585
0.410923	0.0446622
0.410194	0.0467907
0.486798	0.028362
0.488076	0.0264837
0.410732	0.0752063
0.411025	0.0772732
0.489685	-0.00563861
0.489718	-0.00369779
0.420977	0.089481
0.419318	0.0895282
0.487918	-0.0131629
0.485676	-0.0552394
0.427194	0.0886687
0.429195	0.0890226
0.459143	0.0889506
0.473446	0.0897967
0.47104	0.0894506
0.481483	0.0889267
0.483742	-0.0881948
0.486823	-0.0883173
0.481366	-0.0892496
0.489367	0.0604741
0.489052	0.0586503
0.489351	0.0566369
0.474402	-0.0892903
0.468347	-0.0895767
0.490065	0.0227459
0.489989	0.0244312
0.46085	-0.0890612
0.462433	-0.0894737
0.490262	0.0206423
0.489828	0.0190016
0.489889	0.0165702
0.45447	-0.089863
0.452653	-0.0894752
0.48888	-0.00169169
0.442884	-0.0898677
0.441158	-0.0892039
0.489413	-0.0175184
0.489762	-0.0154253
0.436678	-0.0886703
0.438999	-0.0885936
0.434467	-0.0892441
0.489267	-0.0197892
0.432406	-0.0871252
0.43273	-0.089887
0.43093	-0.0899154
0.469351	0.0901114
0.488656	-0.0300458
0.489351	-0.0321572
0.48945	-0.043509
0.48881	-0.0453318
0.489279	-0.0474127
0.489818	-0.0494471
0.41024	-0.0823533
0.414803	-0.0896808
0.489486	-0.057346
0.489282	-0.0555006
0.489679	-0.0595875
0.489547	-0.0610763
0.411284	-0.0668921
0.410709	-0.0724938
0.410567	-0.0740812
0.488918	0.0873189
0.490449	0.0864581
0.488993	0.0894986
0.491147	0.0893021
0.486605	0.0857593
0.49002	0.0847868
0.410521	-0.0581427
0.411198	-0.0563344
0.48598	-0.091857
0.490002	-0.0864298
0.484101	-0.0915235
0.482132	-0.0920537
0.479908	-0.0902245
0.480073	-0.0925742
0.478325	-0.089452
0.41021	-0.0458226
0.410832	-0.0374907
0.472343	-0.0922571
0.470399	-0.0919921
0.411215	-0.0353904
0.411317	-0.0334683
0.468341	-0.0921623
0.410919	-0.0316118
0.410341	-0.0297292
0.460285	-0.0919162
0.458494	-0.092026
0.410804	-0.0215635
0.456621	-0.0923618
0.452427	-0.0924031
0.450518	-0.0920187
0.448607	-0.0920788
0.410084	-0.00716032
0.410213	-0.00920353
0.446668	-0.0925632
0.410618	-0.00171026
0.411383	-5.03E-05
0.41193	0.0261824
0.444697	-0.0926235
0.442581	-0.0925514
0.44055	-0.0921702
0.406845	-0.0879351
0.406458	-0.0897452
0.410593	0.0066531
0.438585	-0.0916631
0.436526	-0.0916976
0.429614	-0.0891092
0.428627	-0.0919771
0.426881	-0.0912421
0.410181	0.0204724
0.412679	0.0202759
0.425	-0.0907984
0.410937	0.0836212
0.413876	0.0836369
0.410276	0.0858059
0.412951	0.0862804
0.410527	0.0814971
0.414734	0.0813715
0.42045	-0.0893972
0.418393	-0.089549
0.420574	-0.0920919
0.418506	-0.0924461
0.41692	-0.0894696
0.416538	-0.0924228
0.410037	0.0322486
0.410933	0.0428409
0.410423	0.0484834
0.407944	-0.0682861
0.408144	-0.0663883
0.453907	0.0897878
0.410482	0.0572
0.410329	0.0555502
0.410332	0.0591872
0.408155	-0.064356
0.410664	0.0606518
0.407631	-0.0622458
0.407771	-0.0601582
0.407741	-0.0581426
0.407821	-0.0560622
0.410486	-0.0480375
0.407612	-0.0477855
0.407616	-0.0458197
0.414494	0.0794053
0.411098	0.0793756
0.407557	-0.0437747
0.407917	-0.0417847
0.40797	-0.0396614
0.40813	-0.0355349
0.408124	-0.0335757
0.407972	-0.0316264
0.423094	0.0895355
0.407728	-0.0275348
0.407966	-0.0254879
0.424818	0.0885802
0.407804	-0.0234521
0.431329	0.0894487
0.441837	0.0887837
0.439798	0.0891125
0.444007	0.0895554
0.447343	0.0890998
0.40739	-0.00337203
0.407555	-0.00142788
0.407851	0.000449608
0.457166	0.0897799
0.407716	0.00869516
0.407724	0.0105836
0.40759	0.0126259
0.407587	0.0146326
0.407526	0.0166237
0.4078	0.0186165
0.407637	0.0207342
0.48944	-0.00756161
0.484859	0.0892834
0.48346	0.0902204
0.4085	0.0246505
0.408742	0.0265397
0.486656	0.0889764
0.408547	0.0285115
0.408198	0.0304874
0.486783	0.0832292
0.490064	0.0830726
0.489217	0.0813996
0.407655	0.0327254
0.489198	0.0724728
0.489813	0.0705926
0.467729	0.0910201
0.407523	0.0411807
0.407808	0.043102
0.407897	0.0449953
0.407489	0.0470209
0.489086	0.0628989
0.488816	0.0649097
0.407929	0.049055
0.407443	0.0572521
0.4076	0.0591418
0.489554	0.0524173
0.489775	0.0506381
0.48996	0.0547979
0.407518	0.0610726
0.486842	0.0470617
0.490044	0.0470448
0.490111	0.0485763
0.489519	0.0452077
0.410289	0.0628657
0.407464	0.062932
0.410383	0.0644928
0.407469	0.0649807
0.41404	0.0654088
0.410104	0.0666881
0.407496	0.0669431
0.485807	0.0307329
0.489143	0.0306325
0.489398	0.0324231
0.48599	0.033685
0.489729	0.0285829
0.407417	0.0690253
0.407477	0.0711559
0.407819	0.0732677
0.40802	0.0753666
0.408028	0.0774731
0.408003	0.0815505
0.407945	0.0836048
0.489256	0.00644618
0.4897	0.00842434
0.489221	0.00444203
0.40769	0.0855911
0.486731	0.00229862
0.48956	0.00233006
0.485846	0.00057697
0.48925	0.000258159
0.409051	0.0893459
0.41024	0.0908329
0.407525	0.0918035
0.407069	0.0896252
0.412495	0.0891226
0.409739	0.0877862
0.413206	0.0923674
0.41115	0.0927873
0.489681	-0.0095179
0.489791	-0.0113126
0.425466	0.0920639
0.427359	0.0918073
0.429421	0.0921693
0.489258	-0.0279718
0.490374	-0.0338025
0.489603	-0.0353733
0.437366	0.089151
0.437639	0.0921044
0.439636	0.0920594
0.489447	-0.0414528
0.489808	-0.0400483
0.441611	0.0921225
0.490214	-0.0515769
0.449706	0.0915583
0.451635	0.0918866
0.453557	0.092444
0.457646	0.092533
0.459591	0.0919307
0.489529	-0.0632373
0.461603	0.0918216
0.48892	-0.0650853
0.46366	0.0920745
0.465644	0.0926429
0.489006	-0.074273
0.485466	-0.0735308
0.488978	-0.0772546
0.489964	-0.0716923
0.4677	0.092953
0.469698	0.0927412
0.473489	0.0923566
0.475511	0.0920919
0.406296	-0.0917511
0.477376	0.091644
0.479275	0.0912685
0.492852	0.0864604
0.492998	0.0886781
0.481329	0.0919831
0.485536	0.0922657
0.487417	0.0922884
0.48947	0.0922282
0.488729	0.0798846
0.491637	0.0788389
0.49148	0.0769509
0.491783	0.0747948
0.491941	0.0726352
0.492624	0.0703723
0.491088	0.0682431
0.493123	0.0681445
0.48985	0.0665159
0.478167	-0.0924794
0.492635	0.0661984
0.476529	-0.0894386
0.476237	-0.092286
0.474287	-0.0922523
0.492031	0.0624594
0.492044	0.0604856
0.492181	0.0584276
0.466301	-0.0922315
0.466283	-0.0892522
0.492399	0.0543841
0.49242	0.0524095
0.464375	-0.0895871
0.464298	-0.0922958
0.462341	-0.0922683
0.492521	0.0504163
0.454499	-0.0923346
0.492651	0.0223711
0.492775	0.0204459
0.49268	0.0183487
0.434347	-0.0923302
0.432457	-0.0925294
0.43049	-0.0925891
0.488924	0.010897
0.491891	0.0105439
0.492129	0.00845966
0.492471	0.00632959
0.422811	-0.0913332
0.422816	-0.0881712
0.414651	-0.0925914
0.409361	0.0933827
0.412819	-0.0928427
0.407224	-0.0861462
0.407616	-0.0841974
0.407655	-0.0821768
0.407657	-0.0800965
0.407588	-0.0780725
0.492231	-0.0299154
0.492411	-0.0318115
0.410382	-0.0762194
0.40771	-0.0760462
0.407531	-0.074066
0.492703	-0.0337911
0.491774	0.092254
0.407653	-0.072134
0.407808	-0.0702511
0.492518	-0.0417685
0.492207	-0.0436327
0.492404	-0.0455324
0.40784	-0.0540334
0.410292	-0.0541306
0.492454	-0.0576501
0.49259	-0.0596097
0.41039	-0.0519657
0.407549	-0.0519286
0.41071	-0.0498683
0.40757	-0.0498686
0.492397	-0.0615542
0.492411	-0.0634343
0.492658	-0.0654406
0.408092	-0.0375422
0.492734	-0.074845
0.492779	-0.0774896
0.40781	-0.0296001
0.489275	-0.083544
0.492888	-0.0833541
0.492583	-0.0802913
0.489139	-0.0803529
0.492579	-0.086246
0.407829	-0.0213774
0.407577	-0.0194672
0.406964	-0.017625
0.406371	-0.0936744
0.407124	-0.0155062
0.407433	-0.0135129
0.407908	0.0943586
0.406384	0.0938595
0.410756	-0.0119172
0.40747	-0.0113717
0.407565	-0.00940633
0.409862	0.0956897
0.407953	0.0960228
0.407415	-0.00730586
0.407403	-0.00526817
0.493627	0.0906025
0.494456	0.0921575
0.493907	0.0936246
0.496093	0.0920431
0.495782	0.0901139
0.411152	0.00230457
0.407896	0.00249957
0.410853	0.00427278
0.407834	0.00459523
0.407779	0.00670788
0.485938	-0.094747
0.484054	-0.0945671
0.482138	-0.0947204
0.480169	-0.095002
0.408056	0.0227285
0.472205	-0.0948236
0.470227	-0.0947556
0.468248	-0.09477
0.466241	-0.0948681
0.464228	-0.0951027
0.407801	0.0347944
0.462251	-0.0950923
0.407804	0.0369111
0.407783	0.0390152
0.460249	-0.0950274
0.458332	-0.0949776
0.456349	-0.0950156
0.452324	-0.0948692
0.450334	-0.0948492
0.408243	0.0509967
0.4484	-0.0948811
0.41182	0.0526012
0.408562	0.0529155
0.408011	0.0550304
0.446408	-0.0950062
0.44435	-0.095085
0.492809	0.0844139
0.428294	-0.0948392
0.426411	-0.0943872
0.424534	-0.0940958
0.407938	0.0795102
0.420446	-0.0947833
0.418389	-0.0949901
0.416359	-0.0951647
0.414385	-0.0952303
0.40712	0.0875612
0.412368	-0.0954201
0.41495	0.0895544
0.41524	0.0921736
0.417173	0.0897307
0.41745	0.0923414
0.419566	0.0923767
0.421503	0.0924372
0.423505	0.0923149
0.404981	-0.0719739
0.405138	-0.0700114
0.431512	0.0922202
0.40527	-0.0680541
0.4332	0.089166
0.433632	0.0924581
0.435481	0.0889466
0.435591	0.0922848
0.405086	-0.0599698
0.405093	-0.0579329
0.405184	-0.0559006
0.443626	0.0923474
0.40516	-0.0538648
0.44571	0.0902764
0.445764	0.0925646
0.447765	0.0922172
0.405086	-0.0518189
0.404856	-0.0477616
0.405004	-0.0456982
0.455597	0.0927744
0.45559	0.0907159
0.405087	-0.0436493
0.405189	-0.0416071
0.405266	-0.0395796
0.405309	-0.0375376
0.405345	-0.0355325
0.405334	-0.033543
0.405242	-0.0315405
0.47163	0.0925238
0.405194	-0.027458
0.405218	-0.0254282
0.405208	-0.0234043
0.483465	0.0924218
0.404699	-0.00527193
0.404782	-0.00728172
0.404683	0.091737
0.404773	0.089741
0.40473	-0.00333256
0.40499	-0.00129223
0.405117	0.000706822
0.492655	0.0825334
0.492245	0.0807124
0.404974	0.00475517
0.404915	0.00681157
0.405094	0.00879398
0.492284	0.0643661
0.405574	0.0249091
0.405596	0.0268697
0.405409	0.0308335
0.405228	0.0329005
0.405183	0.0350037
0.492194	0.0564941
0.40518	0.0370768
0.405134	0.0432133
0.405095	0.0411817
0.492779	0.0484431
0.405141	0.0451931
0.492599	0.0465213
0.492545	0.044607
0.405119	0.0472208
0.489314	0.0436206
0.491936	0.0426405
0.491479	0.0408149
0.405006	0.0492884
0.48874	0.039099
0.491617	0.0388055
0.489006	0.0365576
0.492082	0.0365664
0.495403	0.0882264
0.489299	0.034618
0.492083	0.034439
0.492166	0.0323884
0.405268	0.0532303
0.405098	0.0552384
0.492217	0.0303999
0.492354	0.028447
0.404906	0.0572606
0.491735	0.0951908
0.489751	0.0950966
0.490313	0.0265939
0.492657	0.0263266
0.49263	0.0242877
0.492764	0.0162628
0.405165	0.0734676
0.405277	0.0755215
0.489119	0.0150103
0.492192	0.0144194
0.492011	0.0125353
0.488387	0.0130076
0.405294	0.0775591
0.405236	0.0816194
0.405202	0.0836188
0.492219	0.00227877
0.492067	0.00432688
0.492048	0.000231445
0.405001	0.0856174
0.49203	-0.00173085
0.492199	-0.00370425
0.492451	-0.00573894
0.492275	-0.00767465
0.492348	-0.00960148
0.492517	-0.0115572
0.421691	0.095015
0.423679	0.0949546
0.490418	-0.0132043
0.492685	-0.0136234
0.492373	-0.015672
0.425661	0.0947687
0.492162	-0.0177423
0.492363	-0.0197843
0.427624	0.0947166
0.489563	-0.0217982
0.492296	-0.0218495
0.489808	-0.0240483
0.492573	-0.0238784
0.429646	0.095021
0.489714	-0.0257876
0.492609	-0.0259354
0.492268	-0.027953
0.431654	0.0948907
0.433687	0.0949153
0.492601	-0.0358062
0.437635	0.0952042
0.43969	0.0952248
0.489455	-0.0373222
0.492674	-0.0378631
0.492551	-0.0397067
0.44171	0.0948345
0.445781	0.0949742
0.447837	0.0947814
0.492373	-0.0474905
0.449776	0.0946131
0.492613	-0.0496405
0.492934	-0.0519184
0.489411	-0.0534074
0.492496	-0.0537846
0.492477	-0.0557041
0.453661	0.0949592
0.455666	0.0952658
0.45776	0.0949671
0.459768	0.0947421
0.461726	0.0946568
0.463695	0.0947991
0.465708	0.0950546
0.489601	-0.0694131
0.492594	-0.0697962
0.492354	-0.0675669
0.489357	-0.0673222
0.492624	-0.0722359
0.467746	0.0951885
0.469785	0.0951844
0.473738	0.0949083
0.475693	0.0948013
0.492927	-0.0888766
0.493357	-0.0912661
0.495801	-0.0819903
0.495173	-0.0800756
0.47765	0.0945098
0.49577	-0.0852521
0.495191	-0.0870102
0.479566	0.0944369
0.495487	-0.0913881
0.495241	-0.0891703
0.481547	0.0946236
0.404247	-0.0918589
0.40422	-0.0938598
0.483634	0.0948754
0.485658	0.0948859
0.487695	0.0948836
0.495256	0.0862777
0.478118	-0.0949989
0.476124	-0.0951466
0.474181	-0.0949485
0.495162	0.0782826
0.494786	0.076377
0.494538	0.0744752
0.49472	0.0724177
0.49502	0.0703065
0.408376	-0.0954889
0.406289	-0.0957194
0.495146	0.0661173
0.494944	0.0641712
0.494997	0.0622496
0.494874	0.0602724
0.494803	0.0583006
0.454344	-0.0949177
0.494914	0.0542793
0.495014	0.0522398
0.495234	0.0502039
0.495233	0.0482309
0.49524	0.0462485
0.442308	-0.09501
0.440306	-0.0947621
0.438325	-0.0945672
0.436352	-0.094584
0.434339	-0.0948162
0.495041	0.0262485
0.495133	0.0242151
0.432253	-0.0950563
0.430218	-0.0950918
0.495272	0.0222182
0.404342	-0.0898945
0.49514	0.0182158
0.495073	0.0162004
0.494901	0.0142078
0.42256	-0.0942703
0.49483	0.00419693
0.494783	0.002189
0.494753	0.000182996
0.410401	-0.0952782
0.494783	-0.00180835
0.494908	-0.00579159
0.494924	-0.00778374
0.49495	-0.00975109
0.404993	-0.0839986
0.404769	-0.0859456
0.405082	-0.0820264
0.405086	-0.0800217
0.405055	-0.0779948
0.494905	-0.0298983
0.495002	-0.0318635
0.495158	-0.0338613
0.404936	-0.0759916
0.404926	-0.0739721
0.495178	-0.0378597
0.495147	-0.0398523
0.495226	-0.041842
0.405332	-0.0660743
0.40529	-0.0640922
0.405204	-0.0620503
0.495097	-0.0497802
0.495193	-0.0518351
0.495097	-0.0538663
0.495075	-0.057778
0.495136	-0.0597471
0.495181	-0.0617236
0.405026	-0.0497576
0.494981	-0.067807
0.495048	-0.0699291
0.405211	-0.0295065
0.405063	-0.0214035
0.404836	-0.0194341
0.404494	-0.0174419
0.404763	-0.0153804
0.404876	-0.0133243
0.404923	-0.011305
0.404794	-0.00927041
0.405207	0.00271013
0.411705	0.0952282
0.404331	0.0937327
0.40508	0.010795
0.405995	0.0959703
0.404981	0.0127763
0.404959	0.0148052
0.405039	0.0168438
0.405126	0.0188694
0.405194	0.020904
0.405357	0.0229396
0.40557	0.028829
0.404179	-0.0958654
0.405374	0.051243
0.404848	0.0592915
0.404803	0.0612839
0.404844	0.0632548
0.40492	0.065244
0.404759	0.0672942
0.405037	0.0713959
0.493786	0.0956726
0.496018	0.0940237
0.405273	0.0795946
0.404826	0.0876613
0.413662	0.0950292
0.41561	0.0948513
0.417632	0.0948653
0.41967	0.0949296
0.435713	0.094907
0.443741	0.0948972
0.451689	0.094703
0.471765	0.0950514
0.495175	0.0822489
0.495201	0.0842746
0.495109	0.0802277
0.496746	-0.0839679
0.495394	0.0681119
0.493654	-0.0935032
0.4957	-0.0935886
0.494851	0.0562822
0.495066	0.044258
0.494915	0.0422534
0.494527	0.0403839
0.494485	0.0384379
0.494638	0.0363843
0.494852	0.0302828
0.494826	0.0322781
0.494939	0.0282702
0.495197	0.0202169
0.49487	0.0102851
0.494741	0.0122656
0.494954	0.00826801
0.494868	0.00624282
0.494829	-0.00379015
0.495018	-0.0117507
0.495029	-0.0137892
0.49493	-0.0158304
0.494858	-0.0178321
0.494883	-0.0198577
0.495084	-0.0218813
0.495143	-0.0239108
0.495152	-0.0259
0.494985	-0.0279303
0.495104	-0.0358701
0.495131	-0.0437633
0.49495	-0.0457274
0.494976	-0.0477363
0.495023	-0.0558186
0.485855	0.0388743
0.495168	-0.0637194
0.495024	-0.0657365
0.495172	-0.072101
0.495628	-0.0739243
0.495732	-0.0758925
0.495228	-0.0778066
0.485324	0.036652
0.493817	-0.0957003
0.495837	-0.0957616
0.404087	0.0958605
0.415174	0.0868739
0.404518	-0.0878994
0.416984	0.0876683
0.485337	0.0133677
0.481345	0.0338314
0.405162	0.0391281
0.404946	0.0693166
0.494974	0.034273
0.495894	0.0959323
