281.656
281.698
281.423
281.462
281.848
281.891
280.752
280.775
280.839
280.813
280.684
280.663
281.738
281.5
281.932
280.849
280.877
281.777
281.536
281.973
280.889
280.86
280.847
280.878
281.85
281.883
281.604
281.636
282.05
282.086
280.844
280.812
280.757
280.79
280.717
280.683
280.593
280.628
280.525
280.49
280.374
280.409
282.047
282.068
281.807
281.788
282.26
282.282
282.086
281.824
282.302
280.34
280.455
280.233
280.468
279.689
279.987
280.786
280.95
282.1
281.837
282.318
282.11
281.845
282.331
282.128
282.195
281.648
281.697
282.476
282.539
282.124
281.858
282.346
280.27
280.235
280.131
280.099
280.363
280.399
280.568
280.397
279.953
279.685
281.152
281.07
282.091
281.64
282.139
281.872
282.361
278.703
279.093
279.508
279.16
278.732
278.316
279.969
279.67
277.983
278.419
278.154
277.708
282.191
282.192
281.922
281.921
282.416
282.418
277.482
277.932
277.754
277.303
282.193
281.922
282.418
277.164
277.612
277.057
277.503
282.186
282.181
281.915
281.912
282.41
282.406
276.977
277.421
277.36
276.918
282.176
281.907
282.4
282.17
281.901
282.393
276.875
277.316
277.285
276.845
282.162
281.894
282.384
276.826
277.265
277.253
276.814
282.143
282.131
281.876
281.865
282.364
282.351
282.117
281.853
282.336
276.808
277.248
277.249
276.808
276.811
277.253
276.817
277.26
282.086
282.067
281.824
281.806
282.302
282.282
282.046
281.787
282.259
276.826
277.27
277.282
276.836
282.024
281.767
282.235
281.999
281.744
282.209
276.847
277.294
276.858
277.307
281.973
281.719
282.181
281.945
281.693
282.151
276.87
277.321
276.882
277.335
281.914
281.665
282.118
276.894
277.348
277.361
276.906
281.882
281.635
282.084
281.848
281.603
282.048
276.917
277.373
277.385
276.927
281.813
281.57
282.011
276.937
277.395
277.405
276.945
280.33
280.202
281.737
281.696
281.498
281.461
281.931
281.889
281.655
281.422
281.846
276.953
277.413
281.612
281.382
281.802
276.963
277.426
277.42
276.958
277.428
276.965
281.569
281.34
281.757
276.967
277.431
277.436
276.972
281.388
281.342
281.169
281.126
281.57
281.522
276.976
277.439
277.436
276.979
281.295
281.082
281.475
281.249
281.038
281.427
276.975
277.43
277.409
276.959
281.203
280.994
281.379
276.946
277.387
277.368
276.928
281.111
281.065
280.907
280.864
281.285
281.238
282.892
282.826
282.954
282.998
282.621
282.718
281.02
280.822
281.191
283.06
283.032
283.08
283.098
280.932
280.889
280.739
280.699
281.1
281.056
283.12
283.108
280.847
280.66
281.012
283.126
283.133
283.14
283.136
283.142
283.144
283.147
283.145
280.686
280.648
280.51
280.475
280.844
280.804
283.147
283.148
280.611
280.44
280.765
283.149
283.148
283.149
283.149
280.575
280.407
280.727
283.149
283.149
280.54
280.375
280.69
283.149
283.149
280.506
280.343
280.653
283.149
283.148
282.911
282.968
283.049
283.015
282.82
282.733
280.472
280.312
280.618
283.147
283.148
283.147
283.145
283.142
283.144
280.406
280.373
280.254
280.224
280.546
280.51
283.14
283.135
280.34
280.194
280.472
283.125
283.132
283.119
283.106
283.094
283.073
279.528
279.179
280.229
280.403
280.215
280.387
280.242
280.418
278.721
279.109
280.547
280.529
280.565
278.323
278.738
277.984
278.417
278.146
277.701
280.729
280.788
277.472
277.922
277.745
277.295
280.822
277.157
277.606
277.501
277.054
280.831
276.976
277.419
280.817
277.358
277.779
277.758
277.334
277.384
277.805
277.359
276.918
276.877
277.317
276.846
277.286
280.559
276.826
277.267
277.255
276.815
276.811
277.25
276.812
277.255
277.263
276.819
276.81
277.251
283.15
282.505
283.15
282.888
282.308
283.15
276.829
277.273
283.15
283.033
276.838
277.284
283.15
283.092
283.15
283.121
278.279
278.778
276.848
277.297
277.31
276.86
283.15
283.135
276.873
277.323
283.15
283.142
277.337
276.884
277.514
277.233
283.15
283.146
277.007
276.896
277.35
277.363
276.907
283.15
283.148
276.829
276.919
277.375
283.15
283.149
276.692
277.386
276.929
283.15
283.149
276.59
276.937
277.396
277.406
276.946
283.15
283.15
276.513
276.952
277.413
283.15
283.15
276.458
277.419
276.958
279.38
279.392
279.526
279.535
279.257
279.23
283.15
283.15
276.416
276.962
277.423
279.671
279.678
283.15
283.15
276.387
279.813
279.819
283.15
283.15
276.368
279.949
279.956
276.97
277.434
277.438
276.974
276.965
277.428
283.15
283.15
280.08
280.086
276.978
277.437
277.43
276.975
283.15
283.15
280.202
280.21
276.35
276.349
283.15
283.15
276.351
276.967
277.416
277.4
276.954
280.315
280.323
283.15
283.15
276.936
276.356
280.417
280.425
283.15
283.15
276.363
280.505
280.514
283.15
283.15
276.371
280.481
280.449
280.578
280.587
283.15
283.15
276.38
280.554
280.587
280.635
280.644
283.15
283.15
276.39
280.678
280.645
280.673
280.682
283.15
283.149
276.401
280.721
280.753
280.691
280.7
283.15
283.149
276.411
280.809
280.778
280.688
280.696
283.15
283.148
276.421
280.662
280.67
280.814
280.844
280.857
280.828
283.15
283.146
280.611
280.619
283.15
283.142
280.819
280.846
280.811
280.785
280.535
280.542
276.441
276.449
283.15
283.134
276.458
280.726
280.749
280.661
280.64
280.431
280.438
283.15
283.118
280.527
280.545
276.465
280.299
280.305
283.15
283.085
276.472
280.401
280.385
280.138
280.143
283.15
283.015
280.213
280.227
280.024
280.012
276.476
279.946
279.95
283.15
282.87
276.48
279.779
279.789
279.723
279.726
283.15
282.594
279.523
279.515
276.481
279.467
279.47
276.483
279.222
279.229
279.179
279.181
283.15
282.322
278.908
278.897
276.488
278.858
278.86
276.491
278.545
278.56
278.185
278.168
278.506
278.507
277.767
277.786
278.122
278.123
277.709
277.71
279.993
279.368
280.139
280.279
280.312
280.169
280.248
280.11
277.269
277.269
280.198
280.344
276.806
276.809
282.957
283.04
280.378
280.227
276.322
276.327
283.087
280.255
280.41
275.821
275.835
283.114
280.442
280.284
275.31
275.333
283.13
280.314
280.474
280.508
280.344
274.796
274.829
274.266
274.358
280.374
280.539
280.574
280.406
283.146
283.144
280.441
280.612
283.148
280.65
280.476
280.512
280.688
283.149
283.149
280.727
280.548
283.15
280.585
280.767
280.807
280.623
283.149
280.661
280.849
283.149
280.891
280.701
280.741
280.934
280.978
280.782
283.148
283.146
280.824
281.022
283.143
281.067
280.866
280.909
281.112
281.158
280.952
283.129
283.112
280.996
281.204
281.251
281.039
283.08
283.02
281.083
281.297
281.343
281.127
281.171
281.39
278.799
281.436
281.214
278.295
281.257
281.481
281.526
281.3
277.872
281.342
281.57
277.518
276.916
276.887
281.614
281.383
280.306
280.162
276.687
276.587
276.513
281.571
281.814
276.457
276.417
276.388
281.666
281.915
276.37
276.358
281.745
282
281.767
282.025
281.974
281.72
276.352
276.351
276.352
280.214
276.358
276.365
276.373
276.382
282.152
281.885
276.392
276.402
282.192
281.922
276.422
276.432
281.921
282.191
281.918
282.189
276.442
276.458
276.466
276.471
276.476
276.477
282.153
281.886
277.345
276.904
276.882
277.323
276.48
276.486
282.102
281.839
276.491
276.479
276.47
276.453
280.3
280.417
280.523
280.614
280.69
281.775
281.535
280.703
280.619
280.508
280.199
279.999
281.525
281.298
279.768
281.256
281.479
281.434
281.213
279.506
279.211
278.531
278.152
277.747
281.156
280.95
279.99
280.016
280.976
280.78
280.041
280.065
280.09
280.805
280.621
280.583
280.765
280.725
280.546
280.197
280.225
280.256
280.288
280.32
280.44
280.283
280.386
280.42
280.455
278.913
278.921
278.92
278.913
278.922
280.527
280.565
278.913
278.922
278.914
278.922
278.914
278.923
280.603
278.914
278.923
278.177
278.163
278.915
278.924
278.915
278.924
278.916
278.925
278.542
278.555
278.904
278.894
278.916
278.926
274.794
274.827
275.308
275.328
274.356
274.265
278.917
278.926
278.917
278.927
279.219
279.23
279.516
279.524
278.918
278.928
275.82
275.833
278.918
278.929
278.919
278.93
278.92
278.931
276.321
276.326
278.92
278.932
280.84
280.88
279.78
279.79
280.025
280.013
278.921
278.933
278.922
278.934
276.805
276.807
278.923
278.935
280.92
278.923
278.936
280.068
278.924
278.937
277.268
277.268
278.925
278.938
278.926
278.939
278.927
278.94
277.708
277.709
278.928
278.942
280.999
281.039
280.642
278.929
278.943
278.93
278.944
278.121
278.123
278.931
278.946
281.077
278.932
278.947
278.933
278.948
278.505
278.507
278.934
278.95
278.935
278.951
278.936
278.952
278.858
278.86
278.937
278.954
281.151
281.187
278.938
278.955
278.939
278.957
279.179
279.182
278.94
278.958
281.222
278.941
278.959
278.942
278.961
279.467
279.471
278.943
278.962
281.255
280.781
278.944
278.963
278.945
278.964
279.126
279.125
279.723
279.727
278.946
278.966
281.287
280.724
280.65
278.947
278.967
278.947
278.968
279.947
279.951
278.948
278.969
281.318
278.949
278.97
278.95
278.971
280.139
280.144
278.951
278.972
281.347
278.951
278.973
278.952
278.974
280.301
280.307
278.952
278.975
281.374
278.953
278.976
278.954
278.976
280.433
280.439
278.954
278.977
278.955
278.978
278.955
278.978
280.537
280.544
278.956
278.979
281.446
281.466
278.956
278.979
278.956
278.979
280.613
280.621
278.956
278.98
278.957
278.98
280.623
278.957
278.98
280.664
280.672
278.957
278.981
281.502
281.518
278.957
278.981
278.957
278.981
280.69
280.699
278.958
278.981
281.529
278.958
278.981
278.958
278.981
280.694
280.703
278.958
278.981
281.535
278.958
278.981
278.957
278.981
280.676
280.685
278.957
278.981
281.547
278.957
278.981
278.957
278.98
280.638
280.647
278.957
278.98
281.561
278.957
278.98
278.956
278.98
277.862
280.581
280.59
278.956
278.979
278.956
278.979
273.893
273.904
278.955
278.978
279.343
280.508
280.516
278.955
278.978
281.607
281.607
278.954
278.977
278.954
278.976
273.903
273.893
280.419
280.428
278.953
278.976
278.953
278.975
278.952
278.974
280.318
280.326
278.951
278.973
281.606
281.604
278.951
278.972
278.95
278.971
280.205
280.212
278.949
278.97
281.601
278.948
278.969
278.947
278.968
280.082
280.09
278.947
278.967
281.598
278.946
278.966
278.945
278.965
279.952
279.959
278.944
278.963
281.593
278.943
278.962
278.942
278.961
279.815
279.823
278.941
278.959
281.588
278.94
278.958
278.939
278.957
279.673
279.682
278.938
278.955
281.581
278.937
278.954
278.936
278.953
279.527
279.537
278.935
278.951
278.934
278.95
278.933
278.948
279.381
279.394
278.932
278.947
281.565
281.555
276.356
278.931
278.946
278.93
278.944
276.446
276.421
279.231
279.259
278.929
278.943
281.544
278.928
278.942
278.927
278.941
279.125
279.126
278.926
278.939
278.925
278.938
278.925
278.937
278.924
278.936
281.518
281.502
278.923
278.935
278.922
278.934
278.921
278.933
281.485
278.921
278.932
278.92
278.931
278.919
278.93
281.466
278.919
278.929
278.918
278.928
278.917
278.927
281.445
278.917
278.927
278.916
278.926
278.916
278.925
281.423
278.915
278.925
278.915
278.924
278.915
278.923
281.399
278.914
278.923
278.914
278.922
278.914
278.922
281.373
278.914
278.922
278.913
278.922
278.921
281.346
281.317
276.431
281.286
281.221
281.186
281.15
281.114
280.172
281.076
280.879
280.919
280.838
276.494
280.798
280.758
276.496
276.489
283.15
280.354
276.476
276.466
280.679
280.64
280.601
282.818
280.526
280.489
280.454
283.139
280.318
280.287
280.256
283.149
280.366
283.15
280.088
280.063
280.037
283.149
279.981
279.955
283.138
279.212
279.507
279.769
282.908
280.2
280.37
280.51
280.705
280.763
277.228
280.795
280.802
277
276.823
280.787
277.742
277.314
280.693
280.618
280.528
278.93
278.931
280.422
280.308
278.354
278.986
277.811
276.412
276.501
276.328
276.197
276.45
276.102
273.15
273.252
273.15
273.399
273.15
273.206
273.15
273.197
276.03
273.15
273.19
273.15
273.186
273.15
273.184
273.15
273.182
275.978
273.15
273.18
273.15
273.179
275.939
273.15
273.179
273.15
273.178
273.15
273.178
273.15
273.178
275.912
273.15
273.177
273.15
273.177
275.894
273.15
273.177
273.15
273.177
273.15
273.177
273.15
273.177
273.15
273.177
276.49
273.15
273.177
273.15
273.177
273.15
273.177
275.876
275.874
273.15
273.178
275.875
273.15
273.178
276.493
276.496
273.15
273.178
273.15
273.178
273.15
273.178
275.878
273.15
273.178
273.15
273.178
275.884
273.15
273.178
273.15
273.178
273.15
273.178
276.428
273.15
273.178
275.891
273.15
273.178
273.15
273.178
275.898
273.15
273.178
273.15
273.178
273.15
273.178
273.15
273.178
275.906
273.15
273.178
273.15
273.178
275.914
273.15
273.178
273.15
273.178
273.15
273.178
273.15
273.178
275.922
273.15
273.178
273.15
273.178
275.932
273.15
273.178
273.178
280.747
282.916
283.019
275.948
275.955
275.962
280.784
280.799
280.792
280.76
275.974
275.977
275.98
280.368
275.98
275.982
275.987
275.989
278.884
275.994
275.996
275.99
279.019
279.729
283.076
279.964
283.109
283.127
283.137
280.116
283.148
283.149
280.142
280.17
283.149
283.15
283.15
283.15
283.15
283.149
280.352
283.149
280.491
283.137
283.126
283.105
280.641
283.066
280.68
280.72
278.379
280.759
280.799
277.828
277.372
277.011
280.96
276.72
273.15
273.333
280.039
276.496
281.115
276.195
276.099
276.029
275.977
275.94
275.913
275.895
275.883
275.877
281.4
281.694
275.875
275.876
281.424
275.88
281.485
275.885
275.892
276.859
277.303
275.9
275.915
275.924
275.933
273.15
273.178
273.178
273.15
273.178
275.941
281.573
273.15
273.178
273.15
273.178
273.15
273.178
275.949
278.931
278.93
273.15
273.178
273.15
273.178
280.25
279.412
281.018
273.15
273.178
275.956
273.15
273.178
273.15
273.178
273.15
273.178
275.963
273.15
273.178
273.15
273.178
273.15
273.178
275.969
273.15
273.178
273.15
273.178
273.15
273.178
275.973
281.606
273.15
273.178
273.15
273.178
273.15
273.178
275.977
281.607
273.15
273.178
273.15
273.178
273.15
273.178
275.977
273.15
273.178
273.15
273.178
273.15
273.178
275.979
273.15
273.177
273.15
273.177
273.15
273.177
275.984
273.15
273.177
273.15
273.177
273.15
273.177
275.987
273.15
273.177
273.15
273.177
273.15
273.177
275.991
273.15
273.177
273.15
273.178
273.15
273.178
273.15
273.178
273.15
273.179
273.15
273.179
275.978
275.971
281.574
273.15
273.18
273.15
273.182
273.15
273.184
273.15
273.186
273.15
273.19
273.15
273.197
280.013
280.146
273.15
273.206
273.15
273.252
273.398
273.15
280.272
273.15
273.333
281.532
280.388
280.493
280.585
280.66
280.717
280.755
280.184
279.986
281.254
279.757
279.496
279.203
278.525
278.141
277.733
273.213
273.213
281.037
280.998
280.959
273.15
273.336
273.213
273.213
273.15
273.412
273.15
273.685
283.15
279.832
279.853
279.874
279.895
280.718
279.916
279.962
279.985
280.563
280.01
280.033
280.061
280.419
280.088
280.384
280.351
280.116
280.173
280.203
280.226
280.234
280.197
280.168
280.141
280.114
273.15
273.685
283.15
273.15
273.412
273.15
273.337
280.363
280.397
280.431
280.009
280.501
280.536
279.926
280.572
280.607
280.643
278.15
278.53
278.884
280.713
280.748
280.782
280.815
280.848
280
276.863
280.88
280.91
280.621
280.968
280.995
281.021
281.045
281.068
280.75
274.277
283.15
283.15
274.276
278.942
278.943
281.109
281.127
281.144
281.159
281.173
280.183
281.183
281.188
281.198
282.582
282.741
282.43
281.21
281.593
281.598
281.239
281.243
281.907
281.912
276.396
281.601
281.246
281.916
281.604
281.249
281.919
281.25
277.005
277.366
276.723
281.251
281.252
281.251
281.25
281.246
281.243
281.239
281.234
275.882
281.229
281.222
281.215
281.206
281.196
281.185
281.172
281.158
281.143
275.94
281.126
281.108
281.067
281.044
275.968
281.02
280.994
280.967
280.939
280.909
280.879
275.992
280.847
279.899
279.874
280.814
280.781
275.981
280.712
280.677
275.964
275.945
280.606
280.571
280.43
280.396
280.362
280.296
280.264
283.143
280.233
283.146
280.114
280.087
280.06
283.15
279.915
279.893
283.148
279.872
283.143
279.826
279.802
276.847
277.296
282.99
277.728
278.137
278.521
278.878
279.204
279.497
276.323
279.758
280.737
280.682
280.768
280.774
280.758
280.663
280.588
280.497
280.394
280.278
275.907
278.943
278.942
276.817
276.455
275.96
275.799
275.679
275.591
275.527
275.993
275.988
275.404
275.394
275.388
275.947
275.397
275.392
275.402
275.415
275.422
275.429
275.435
275.441
280.771
282.189
282.44
281.967
280.765
280.735
280.679
280.598
275.462
275.464
275.465
280.488
280.351
275.464
275.468
275.472
275.474
278.878
275.477
273.254
273.254
275.479
275.48
273.254
273.254
275.481
279.81
281.258
281.567
282.884
283.004
283.07
279.939
283.106
283.126
283.149
283.148
283.149
283.15
280.144
283.15
283.15
283.15
280.265
283.15
280.297
280.33
283.149
283.149
280.466
283.137
283.143
283.125
283.102
278.636
277.903
280.678
277.306
276.172
276.457
275.957
275.451
275.468
275.795
275.677
280.94
275.395
275.404
283.15
274.925
274.926
283.15
278.956
278.957
275.386
275.386
281.089
275.388
275.392
275.397
275.403
275.409
275.416
275.423
275.43
275.436
281.22
275.442
275.448
281.229
281.582
281.235
281.588
275.453
275.458
275.461
275.465
275.464
275.465
275.469
275.472
275.475
275.477
281.249
275.48
275.477
280.122
279.99
280.247
280.362
280.467
280.557
280.632
280.689
280.727
281.088
280.711
280.739
280.657
279.973
280.169
279.746
279.487
279.195
278.516
278.133
277.719
280.747
279.787
279.633
279.65
279.936
280.642
279.668
279.684
280.535
279.701
279.718
280.5
280.465
279.736
279.794
279.774
280.329
279.814
279.835
279.857
280.202
279.879
280.172
280.143
279.903
279.926
279.951
280.034
280.009
279.984
279.937
280.11
280.138
280.167
279.849
280.196
280.226
279.779
276.4
276.377
280.286
280.316
280.346
280.434
280.405
280.463
280.491
280.519
280.546
279.987
280.572
280.185
280.353
280.621
280.644
280.49
280.6
280.666
280.686
280.705
280.72
280.756
280.74
280.77
280.783
280.795
280.805
280.152
280.809
280.816
278.957
278.956
280.825
279.134
280.128
280.837
280.843
280.232
280.338
279.467
279.202
281.132
281.125
280.847
280.851
279.753
279.73
280.855
280.857
276.836
276.372
280.859
282.329
282.114
281.393
281.674
282.703
282.561
280.861
281.947
281.209
280.862
280.467
280.862
280.862
280.861
275.445
275.462
280.859
280.857
280.847
280.851
280.842
281.953
282.667
280.837
280.83
277.877
277.285
278.595
280.823
280.814
276.171
280.77
280.755
280.74
280.723
275.445
275.48
275.421
280.705
280.686
280.665
275.385
280.643
280.62
273.303
273.303
280.545
280.571
275.408
273.303
273.303
280.491
280.462
280.374
280.404
280.345
275.448
280.315
280.285
280.255
275.458
280.225
280.137
280.166
280.109
280.027
280.053
280
279.878
279.901
279.856
281.082
281.802
279.834
279.813
279.735
279.717
279.699
279.644
279.664
277.284
276.831
277.718
278.129
278.516
278.871
283.15
279.195
279.487
283.148
283.146
279.747
279.974
275.63
283.15
283.15
275.629
278.973
278.974
280.17
283.057
280.713
280.742
280.747
276.826
280.73
275.429
275.922
280.635
280.56
280.47
280.367
280.252
275.527
275.479
275.591
280.127
275.389
280.02
279.995
280.048
279.882
279.858
279.908
275.919
275.428
278.155
275.891
282.28
279.739
279.717
279.763
280.192
278.915
279.585
279.604
282.844
282.565
282.79
282.968
282.046
275.401
280.294
280.602
275.479
275.995
275.406
275.895
275.879
275.387
277.327
279.71
279.567
282.438
275.381
275.576
275.24
274.937
274.965
274.917
274.902
274.893
274.888
274.885
278.871
274.896
274.892
274.901
274.906
279.612
274.911
280.092
280.233
281.22
280.56
274.921
274.926
274.93
274.941
274.938
274.942
274.953
274.952
274.955
278.194
279.976
274.925
274.938
283.061
282.97
280.082
283.004
283.074
280.256
283.15
283.15
283.15
283.15
283.15
283.15
280.597
280.723
277.359
276.701
278.974
278.973
276.201
279.852
275.577
275.379
274.908
274.927
275.238
275.006
275.061
274.967
274.886
274.885
279.574
279.593
274.887
274.893
274.897
274.902
274.912
274.917
274.922
274.931
274.935
274.938
274.94
274.942
274.941
274.941
280.783
282.87
274.947
274.95
274.952
274.955
274.953
274.951
274.942
273.362
273.362
280.518
273.362
273.362
280.433
280.34
280.443
280.533
280.081
278.865
278.511
278.126
279.95
279.925
279.975
279.486
279.472
279.498
279.511
279.793
279.754
279.63
279.647
279.665
279.683
279.625
279.702
279.721
279.741
279.825
279.847
279.869
279.915
279.939
283.15
276.381
276.382
283.15
279.962
278.993
278.994
279.986
280.01
280.659
280.692
276.359
280.193
280.214
279.452
279.436
280.234
280.253
280.271
280.289
280.305
280.321
280.335
278.769
281.008
278.854
277.651
280.426
280.43
280.434
275.372
275.864
281.545
280.438
274.891
280.44
279.422
280.442
282.782
280.444
280.445
280.446
281.122
276.683
276.2
275.839
280.434
280.43
280.426
274.902
275.136
275.061
275.006
280.382
280.372
280.36
280.335
280.32
280.305
280.288
280.271
274.885
275.385
275.387
274.886
274.889
280.149
280.126
280.104
280.057
280.033
274.916
280.009
279.985
274.934
275.453
279.962
279.692
279.55
279.868
279.846
274.943
279.824
274.941
274.943
274.947
274.949
282.585
279.74
279.72
279.698
279.555
279.701
274.956
275.474
274.951
274.945
279.629
279.612
279.596
279.773
279.581
279.96
279.566
279.551
279.537
283.109
279.482
279.467
283.128
283.138
283.137
283.144
283.147
283.143
283.146
283.148
283.149
275.856
276.342
283.149
283.15
283.15
283.15
278.125
278.511
278.865
279.188
279.478
283.15
283.149
283.149
283.144
283.147
283.138
280.723
280.705
283.127
283.105
280.667
275.363
280.343
280.23
280.106
278.995
278.993
275.84
275.135
279.029
276.657
274.938
275.446
275.422
274.917
274.903
274.894
274.888
275.967
275.488
275.149
274.889
274.924
274.762
274.907
274.65
274.569
274.512
274.47
274.926
274.44
274.418
274.402
274.391
274.384
274.379
274.945
274.377
274.376
274.377
274.954
274.379
274.381
274.383
273.433
273.433
274.387
274.391
274.394
273.433
273.433
278.759
279.833
274.877
280.102
279.969
280.225
274.412
274.413
281.92
274.414
274.412
274.411
280.607
280.664
280.702
280.745
280.72
280.716
274.416
274.418
280.688
280.636
274.42
280.577
280.558
280.452
280.47
274.421
274.423
279.961
280.155
279.735
274.424
274.421
279.478
279.188
279.072
279.88
274.411
274.398
274.87
279.409
281.763
282.399
279.428
279.413
279.443
279.524
279.538
279.552
279.755
279.567
279.582
279.597
279.613
279.761
280.001
277.172
283.15
283.15
277.171
279.017
279.019
279.803
280.055
283.148
283.146
279.892
280.034
280.375
280.057
280.081
280.104
280.127
280.15
280.172
275.488
275.153
274.922
274.762
274.65
274.571
274.471
274.44
280.348
280.361
280.372
280.383
280.392
274.384
274.38
274.378
280.4
280.408
274.377
280.408
280.417
274.378
274.387
274.391
274.394
274.398
274.401
280.446
280.446
280.445
274.407
274.41
280.444
280.442
274.412
280.855
280.44
280.437
274.414
274.412
274.411
274.414
280.415
280.421
280.408
274.416
280.805
280.4
280.392
280.794
280.348
274.421
274.421
274.414
274.404
274.392
280.252
280.596
280.233
280.213
279.28
279.291
280.192
280.171
280.08
279.938
280.195
279.915
279.891
279.839
280.318
280.334
279.802
279.781
279.76
279.682
279.664
279.646
279.458
279.299
279.318
279.326
279.336
279.523
279.345
279.683
279.51
279.497
279.355
279.375
279.386
279.398
279.409
279.421
277.274
276.816
277.711
279.473
279.487
279.501
279.736
279.562
279.578
279.962
280.156
279.594
280.336
280.32
280.454
280.472
280.579
280.56
280.638
279.627
279.644
280.691
280.718
279.661
279.678
279.695
280.446
279.019
279.018
279.828
279.843
279.858
279.872
279.885
279.898
279.91
279.921
279.931
279.654
279.966
279.973
279.979
280.008
280.01
280.011
280.013
280.013
274.383
280.013
280.553
280.011
280.01
280.008
279.99
279.985
279.979
273.518
273.519
279.95
279.941
279.27
273.519
273.518
279.931
280.544
281.62
274.397
274.401
274.404
279.796
279.78
279.763
274.407
274.409
274.378
279.593
279.577
274.414
279.561
279.545
279.53
279.515
279.5
274.423
279.486
279.472
274.419
279.42
279.408
279.397
279.386
279.375
279.364
279.354
279.335
279.325
279.316
283.15
277.983
277.984
283.15
279.046
279.048
279.276
279.267
276.76
277.631
277.066
278.639
276.675
277.677
275.973
275.758
275.075
274.642
274.378
274.214
274.108
274.513
274.036
273.985
273.949
274.418
273.923
274.403
274.392
273.904
273.891
273.881
273.874
273.869
274.379
273.866
273.865
274.382
274.384
273.864
273.864
273.865
273.866
273.867
273.869
274.404
273.871
273.873
274.414
273.878
273.877
273.88
273.882
273.883
281.355
273.885
273.886
274.418
273.882
273.876
274.42
274.421
273.879
274.423
274.423
273.881
273.882
273.884
273.885
273.887
273.888
273.889
273.89
273.891
273.891
273.892
273.892
277.071
278.646
279.048
279.047
277.277
277.712
276.822
276.35
279.309
279.365
279.433
279.446
279.459
276.788
275.764
275.076
274.642
279.516
274.378
274.215
274.108
279.546
274.036
273.986
273.95
273.621
273.621
279.61
273.924
273.905
273.621
273.621
273.891
273.881
279.713
273.874
279.73
279.747
273.87
273.867
279.764
279.78
273.864
273.864
279.797
279.813
273.865
273.866
273.868
273.869
273.871
273.873
273.875
273.877
273.879
273.88
279.95
279.941
279.958
273.882
273.883
273.885
273.886
279.985
273.882
273.876
279.99
279.994
273.879
279.998
280.001
273.881
273.883
280.004
280.006
273.884
273.887
273.888
273.889
280.012
273.89
273.89
273.891
280.012
273.892
273.892
278.798
283.15
283.15
278.799
279.081
279.083
280.006
280.004
280.001
279.994
279.973
279.966
279.958
279.921
279.909
279.897
279.885
279.871
279.857
279.843
279.828
279.812
279.878
279.863
279.619
279.602
280.097
280.112
280.465
280.747
280.889
280.619
280.619
280.327
282.63
282.673
282.617
282.655
282.617
282.667
281.036
281.068
281.015
281.051
281.034
281.063
282.783
282.768
282.901
282.885
282.618
282.607
280.163
280.332
280.018
280.024
279.694
279.503
279.845
279.907
280.223
281.185
281.452
281.277
280.975
281.383
281.616
282.873
282.873
282.963
282.975
282.761
282.709
279.746
282.751
282.786
282.723
282.753
282.758
282.797
281.462
281.625
281.197
281.392
281.72
281.852
282.817
282.78
282.834
279.729
279.712
279.695
279.678
281.049
281.013
281.007
280.969
281.067
281.034
281.569
281.711
282.911
282.927
282.862
282.877
282.941
282.96
281.089
281.42
279.66
279.643
282.941
282.889
282.975
281.772
281.712
281.676
281.733
281.749
281.813
279.317
279.332
281.854
281.58
281.742
281.432
281.962
279.626
279.61
282.022
282.102
282.975
282.979
282.92
282.924
283.014
283.018
281.944
281.627
281.729
281.612
281.261
281.929
282.009
282.982
282.926
283.021
281.849
281.492
282.633
282.217
282.265
282.982
282.926
283.022
282.185
281.874
282.154
282.201
282.982
282.926
283.021
282.117
281.776
282.428
282.443
282.447
282.16
282.393
282.407
282.975
282.969
282.915
282.92
283.014
283.007
282.09
282.391
279.127
279.13
282.962
282.908
282.999
282.479
279.134
282.952
282.899
282.988
279.138
282.618
282.94
282.889
282.975
279.459
279.143
279.148
282.433
281.051
281.042
281.218
281.23
280.844
280.84
279.445
279.433
279.153
281.149
280.922
280.671
280.925
282.844
282.815
282.803
282.779
282.864
282.832
279.159
280.516
280.715
280.439
282.784
282.751
282.796
279.164
282.75
282.721
282.756
279.17
279.176
282.671
282.628
282.615
282.653
282.665
282.615
279.69
279.559
279.893
279.183
282.582
282.574
282.563
279.189
282.534
282.532
282.508
279.79
279.453
279.368
279.706
279.196
279.344
282.485
282.488
282.451
279.252
279.589
279.64
279.302
279.552
279.216
279.203
279.191
279.524
279.21
279.258
279.25
279.267
282.278
282.227
282.3
282.252
282.221
282.166
279.218
279.306
282.176
282.204
282.111
279.507
279.174
279.166
279.497
279.225
282.126
282.156
282.059
279.233
279.296
279.286
279.493
279.165
279.168
279.494
282.078
282.109
282.008
279.978
279.695
279.974
279.673
279.975
279.693
279.242
282.03
282.062
281.96
279.499
279.175
279.185
279.507
279.25
281.984
282.016
281.914
281.151
281.172
281.23
281.203
281.089
281.074
279.259
279.543
279.226
279.241
279.556
279.211
279.53
279.268
281.896
281.854
281.925
281.881
281.828
281.788
279.531
279.782
279.277
279.569
279.256
279.27
279.582
279.286
279.595
279.284
279.298
279.607
281.694
281.752
281.71
281.641
279.295
281.657
281.669
281.607
279.618
279.31
279.321
279.627
280.903
280.942
280.864
280.931
279.305
280.972
281.01
279.639
279.333
279.345
279.654
279.325
279.335
279.665
279.356
279.369
279.676
279.974
279.345
279.688
279.376
279.383
281.366
281.33
281.348
281.309
281.352
281.32
279.366
279.376
281.295
281.271
281.289
282.969
282.983
283.04
283.028
279.387
283.068
283.078
279.397
281.225
281.19
281.195
281.157
281.226
281.194
283.103
283.096
281.574
281.369
281.161
281.778
279.408
281.155
281.12
281.162
283.114
283.12
279.418
281.12
281.082
281.131
283.13
283.126
279.428
283.134
283.137
279.438
279.848
280.084
283.141
283.138
279.447
283.141
283.143
279.457
280.488
280.645
280.475
280.63
280.502
280.66
283.143
283.141
283.049
283.052
283.067
283.071
283.025
283.026
279.466
278.145
277.738
277.724
278.13
277.753
278.161
280.776
280.759
280.792
283.141
283.143
279.475
283.141
283.138
279.483
280.536
280.61
279.491
283.134
283.137
283.13
283.126
281.004
281.005
279.499
283.114
283.12
279.585
279.506
283.103
283.096
278.279
278.257
278.627
278.656
277.855
277.871
279.513
283.068
283.077
283.036
283.027
279.525
279.531
279.536
279.541
280.935
280.686
280.938
282.639
282.807
279.545
280.725
280.449
279.549
280.227
280.522
279.552
280.333
280.021
279.555
279.841
280.164
279.558
280.018
279.686
280.979
279.56
282.886
282.735
279.559
279.895
282.552
282.374
282.538
282.385
282.563
279.563
279.083
279.082
279.794
279.454
279.37
279.71
279.564
280.677
279.643
279.304
279.566
279.254
279.593
279.567
279.554
279.217
283.048
283.05
283.024
283.025
283.066
283.07
279.568
279.193
279.528
279.569
280.934
279.51
279.178
279.171
279.5
279.569
279.57
279.171
279.497
279.503
279.178
279.169
279.497
279.57
280.398
279.189
279.511
279.57
280.14
279.569
279.521
279.201
279.214
279.533
279.569
279.546
279.229
279.244
279.559
279.568
279.572
279.258
279.567
279.342
279.208
279.273
279.585
279.566
279.099
279.287
279.598
279.564
279.013
279.562
279.62
279.312
279.3
279.61
279.323
279.629
279.998
279.56
278.898
278.864
279.637
279.333
279.558
279.555
279.641
279.344
279.341
279.643
279.348
279.641
278.819
278.826
282.922
279.552
279.632
279.342
278.819
279.549
278.824
279.545
278.833
281.032
281.003
281.002
280.98
281.005
279.541
280.951
280.93
280.853
280.87
279.536
281.334
281.287
281.381
279.197
278.871
278.856
279.518
280.758
280.747
280.612
280.616
279.531
278.887
280.441
280.447
280.241
280.23
279.525
279.519
279.513
281.086
281.047
279.506
281.085
281.122
279.499
279.012
278.999
281.157
281.122
279.491
278.727
278.641
278.836
279.021
279.483
281.16
281.192
281.228
281.197
282.986
273.744
273.745
279.474
281.235
281.263
279.045
279.04
279.466
273.745
273.744
279.456
283
283.053
281.44
281.429
281.39
281.404
281.469
281.476
279.437
279.427
283.088
279.417
283.11
281.512
281.509
281.549
281.549
279.407
283.125
281.585
281.59
279.397
282.524
282.402
282.374
282.493
282.428
282.552
283.134
281.63
281.622
279.386
283.139
281.66
281.672
281.713
281.698
279.376
283.143
281.736
281.755
279.366
283.144
281.798
281.776
279.355
281.047
281.208
283.145
281.816
281.841
279.345
283.045
283.023
283.062
283.144
281.884
281.857
279.335
277.808
283.143
281.899
281.928
279.324
283.139
281.987
282.019
281.973
281.943
282.065
282.033
279.314
283.134
282.469
282.539
282.375
282.458
282.558
282.615
282.081
282.112
279.305
283.125
279.295
283.11
282.179
282.207
282.159
282.129
282.255
282.23
279.285
283.087
281.856
281.713
281.765
281.906
281.664
281.808
279.276
283.048
279.299
282.445
282.436
282.487
282.49
282.385
282.398
282.534
282.537
279.241
280.693
280.414
279.233
280.149
280.08
282.584
282.577
279.225
279.907
282.69
282.714
279.217
279.38
279.361
279.69
279.21
279.498
279.203
279.337
279.196
279.204
280.028
279.189
279.097
282.845
282.891
281.045
281.084
279.182
279.013
280.945
280.907
279.176
278.949
282.9
282.953
279.17
279.447
278.967
278.579
278.753
279.133
278.441
278.831
278.9
278.865
280.114
280.377
280.122
280.38
280.107
280.374
279.158
279.153
282.382
282.33
282.396
282.348
282.278
282.336
282.915
282.97
279.147
279.142
278.827
278.822
279.49
279.125
279.807
279.47
278.826
279.209
279.138
283.15
279.592
279.589
283.15
278.836
279.134
278.847
279.041
282.923
282.979
279.13
278.86
279.127
278.875
278.89
278.906
283.127
283.126
283.131
283.129
283.124
283.122
281.16
281.75
281.768
278.921
282.876
282.926
278.937
278.951
282.91
282.862
282.845
282.891
279.002
278.987
278.658
278.645
278.979
278.991
282.825
282.869
282.688
282.712
280.97
280.974
282.866
282.862
282.941
282.948
282.758
282.756
282.442
282.434
280.266
280.45
280.077
280.983
281.022
278.566
278.347
281.099
281.139
281.97
281.94
281.178
281.838
281.342
281.385
281.427
281.795
281.47
281.513
281.557
281.582
281.587
281.628
281.619
281.546
281.546
279.327
279.006
279.032
279.609
281.645
281.689
281.734
281.437
281.427
281.466
281.473
281.387
281.401
281.779
281.825
281.87
282.008
282.055
281.232
281.26
282.148
282.194
282.24
282.296
278.931
278.932
278.932
282.418
282.459
280.291
280.305
278.933
282.499
278.934
278.934
282.573
282.606
278.935
282.638
280.86
280.879
278.936
282.667
278.937
282.694
278.938
278.939
282.775
282.791
278.94
282.804
278.941
282.815
278.942
282.824
281.287
280.988
278.944
282.908
282.832
282.962
278.945
282.838
281.101
278.946
280.749
282.842
278.948
282.845
281.276
278.949
282.847
282.403
278.95
280.868
281.516
282.848
278.952
282.847
278.953
281.816
282.845
281.373
281.837
278.955
281.711
278.957
282.506
282.837
282.831
278.958
282.824
278.96
282.43
282.672
282.714
282.814
278.962
282.803
278.963
282.79
278.965
282.775
278.967
282.758
282.689
282.674
282.701
278.969
282.738
278.97
282.047
282.196
282.088
281.915
282.295
282.167
282.717
278.948
278.972
282.692
278.974
282.666
278.976
282.766
282.637
278.978
278.84
278.979
282.571
282.535
278.981
282.497
278.983
281.751
281.228
282.457
278.985
282.415
278.986
278.843
282.372
278.988
282.328
278.99
282.284
278.903
281.161
281.377
281.36
281.556
280.969
281.205
278.991
282.238
278.993
278.919
278.934
282.653
282.327
278.994
280.885
280.898
280.774
280.767
280.989
280.97
278.943
278.926
279.244
279.261
278.578
278.601
282.145
282.099
283.114
283.107
283.118
283.111
283.11
283.103
278.949
278.963
278.996
282.052
278.997
279.28
278.965
282.006
278.998
281.96
278.999
281.913
279.03
279
281.868
279.002
281.822
279.003
281.777
279.003
281.731
279.004
281.687
279.005
279.006
279
278.642
278.631
278.65
279.009
281.598
281.554
281.759
281.617
281.664
281.807
281.712
279.006
281.511
279.007
279.007
281.425
281.382
279.008
281.34
279.008
282.062
282.115
282.012
281.298
279.009
281.257
279.009
279.009
281.176
281.136
279.009
281.097
279.009
281.058
279.009
281.019
279.01
280.981
279.009
279.009
279.009
279.833
280.07
279.009
280.28
279.009
280.461
283.122
283.126
279.009
280.615
279.008
280.741
279.008
280.84
282.17
281.901
281.894
282.162
282.176
279.007
280.416
279.57
279.007
282.236
282.21
279.006
280.972
280.944
279.006
279.005
279.004
278.842
281.766
281.62
281.581
281.725
280.896
279.004
279.003
279.002
279.001
278.999
282.767
282.912
278.998
278.997
278.996
278.994
280.029
280.11
279.964
278.993
278.991
278.99
280.104
279.823
278.966
279.569
278.561
278.176
278.545
278.192
278.577
278.988
278.987
278.985
278.983
281.873
281.917
281.831
278.981
278.576
278.528
279.018
279.02
279.015
278.98
278.495
278.978
280.582
278.473
280.776
280.816
278.976
280.942
280.977
278.974
278.972
278.455
278.455
278.461
280.908
280.954
280.835
278.971
278.47
278.969
278.481
280.735
280.607
278.967
278.965
278.542
278.525
278.964
278.558
279.84
278.962
278.574
278.96
278.589
278.958
282.182
282.186
278.603
278.957
277.736
277.751
277.721
278.955
281.06
278.954
278.952
278.65
278.658
278.667
278.951
281.273
281.219
278.949
281.259
281.312
281.301
281.351
283.004
278.948
280.762
278.678
278.675
278.947
278.672
278.945
278.944
278.943
283.067
283.098
281.601
278.942
283.118
278.94
281.394
281.286
281.332
281.439
281.24
281.349
283.13
278.939
283.137
278.938
278.937
283.144
283.146
278.936
283.146
278.936
281.916
283.146
278.935
283.144
281.962
278.934
282.363
282.525
282.49
282.307
282.419
282.563
282.101
278.933
283.137
283.13
278.933
283.117
278.932
282.286
282.303
282.793
282.835
282.747
278.932
283.062
282.331
282.351
282.375
280.433
273.388
273.276
280.122
273.254
279.832
273.24
282.537
281.386
281.591
281.536
281.328
281.649
281.446
279.568
281.743
281.563
281.921
273.23
273.885
280.893
280.823
273.224
273.22
273.217
278.639
278.577
273.215
282.717
278.53
273.213
280.829
278.497
282.825
282.757
273.212
278.476
273.211
273.211
277.794
277.808
277.78
273.21
278.464
278.473
273.21
278.485
280.624
280.621
280.372
280.855
280.848
273.21
278.498
273.21
278.513
273.21
278.529
273.21
273.21
282.842
273.21
273.21
278.592
277.824
278.2
278.218
273.21
278.606
282.791
282.765
282.714
282.679
282.857
282.843
273.211
278.619
273.211
283.119
273.211
273.211
273.211
283.011
283.026
283.01
282.997
283.04
283.023
278.661
278.668
273.211
278.664
283.021
283.017
283.036
283.041
282.996
282.995
282.16
282.033
282.042
281.897
282.275
273.212
278.172
278.033
280.89
281.095
280.676
273.212
280.856
280.907
273.212
280.938
282.605
273.212
273.211
280.928
280.885
273.211
280.816
273.211
280.719
273.211
280.595
273.212
273.212
280.267
280.058
273.212
279.821
282.192
273.212
273.212
273.212
280.857
280.896
273.212
280.933
273.212
273.212
281.012
281.053
273.213
281.093
273.213
281.177
281.22
278.142
278.158
278.127
273.213
281.351
281.396
273.212
282.182
282.207
282.541
282.154
281.441
281.642
273.212
281.487
273.212
281.533
280.214
280.115
280.331
273.212
281.579
281.506
281.468
273.212
281.626
273.212
281.673
282.934
282.939
282.967
282.959
282.907
282.905
273.212
281.719
273.212
281.767
273.212
281.577
281.473
281.52
281.623
281.425
281.531
281.814
281.216
281.52
281.6
281.788
281.715
281.388
281.3
273.212
282.773
282.652
282.767
282.635
282.672
282.783
273.212
281.908
281.955
273.211
282.001
273.211
280.709
280.746
280.67
273.211
282.093
282.139
282.414
282.416
273.212
282.183
273.212
281.115
281.405
280.692
281.772
282.227
273.212
283.045
283.063
283.058
283.04
283.066
283.048
282.269
273.212
282.311
273.211
282.351
273.211
282.389
273.211
282.426
273.616
273.211
280.912
280.935
282.461
273.211
280.957
280.983
280.977
273.211
273.21
278.115
278.102
279.831
279.841
279.822
273.21
283.132
283.129
283.123
283.127
283.133
283.136
273.21
283.045
283.063
283.066
283.048
283.058
283.04
273.21
273.21
273.21
282.711
280.903
273.21
282.719
273.21
282.726
273.21
273.21
280.756
280.57
280.754
280.566
280.761
280.589
282.736
282.739
273.211
281.257
273.211
282.74
282.741
283.115
273.212
282.739
273.213
278.51
278.495
273.215
279.343
282.731
282.726
273.217
282.719
273.22
279.144
278.974
282.711
282.815
282.748
282.873
273.224
282.921
282.912
282.962
282.957
282.701
273.23
282.689
273.24
282.675
282.083
281.664
273.254
273.276
278.46
282.643
282.623
273.388
282.601
273.616
273.56
281.952
281.905
281.854
273.561
282.492
282.459
273.723
282.424
282.388
282.349
273.724
282.309
277.673
277.672
273.562
282.267
273.561
280.784
282.181
282.137
282.091
278.976
278.617
278.943
282.66
282.526
282.54
282.51
282.045
278.629
278.989
278.64
278.944
281.999
278.945
283.033
283.05
283.024
283.04
278.675
278.945
278.946
281.858
278.947
281.811
278.948
281.764
278.95
280.781
280.742
281.717
278.951
281.67
278.952
278.953
282.947
283.019
282.837
282.866
282.873
282.894
278.955
281.485
278.956
277.765
278.958
282.394
278.959
281.305
278.961
283.142
281.261
278.963
281.217
278.964
281.175
278.966
278.968
281.091
281.05
278.97
278.282
278.275
278.282
283.142
281.01
278.972
280.971
278.974
278.976
283.097
280.894
280.854
278.978
278.98
279.556
279.82
278.982
280.058
278.985
278.987
280.599
280.723
281.686
281.863
281.484
278.989
280.819
279.335
278.991
280.889
278.994
280.931
278.723
281.096
281.289
281.268
281.08
281.313
281.114
278.996
280.948
278.998
280.94
277.71
277.698
279.001
280.91
279.003
279.005
278.281
278.269
278.462
278.829
279.008
279.01
278.458
279.012
279.014
280.437
279.016
279.019
279.021
279.022
283.111
283.107
283.111
283.115
283.099
283.103
279.024
283.008
282.999
279.026
283.046
283.063
283.024
279.028
279.79
279.483
279.21
279.029
279.031
278.657
279.017
281.311
279.032
279.034
278.231
277.82
277.832
278.243
278.218
279.035
278.252
278.188
278.142
279.036
273.865
278.109
282.99
282.979
279.037
280.924
280.449
280.747
280.207
278.088
279.563
279.285
279.038
282.988
279.039
279.04
278.071
278.073
278.078
280.945
279.04
278.087
279.041
278.099
279.042
278.112
279.042
279.042
283.146
283.147
283.143
280.444
281.208
281.109
281.089
281.186
281.131
281.232
279.043
283.08
283.084
283.095
283.09
282.974
282.872
279.043
278.174
281.448
281.48
281.417
279.043
278.189
278.97
279.043
279.043
281.51
281.509
281.478
281.542
279.043
282.712
282.694
282.639
282.745
279.043
280.82
279.043
278.264
278.272
278.278
279.043
277.287
278.204
281.711
281.9
278.281
279.043
278.284
280.971
279.043
278.29
279.042
278.289
279.042
282.949
282.992
282.994
282.955
282.991
282.945
281.333
281.323
281.355
281.369
281.292
281.298
283.026
283.027
281.135
279.042
279.041
281.263
282.189
279.04
283.04
279.04
283.081
279.039
281.307
283.108
279.038
283.124
279.037
279.036
279.035
283.146
283.147
279.034
283.147
279.032
282.991
283.03
283.147
282.943
281.279
281.252
281.306
279.031
283.146
279.03
281.613
281.581
281.647
282.803
282.737
282.844
282.869
281.861
279.028
283.14
283.134
279.026
283.124
279.024
282.048
281.946
279.023
283.077
283.026
279.021
280.697
280.736
279.019
280.52
280.15
279.017
279.015
279.164
279.012
279.01
279.008
279.006
278.25
278.188
279.003
281.261
281.229
278.143
279.001
281.446
281.415
278.111
278.999
278.09
278.996
278.077
282.578
278.994
281.058
281.198
281.051
281.188
278.992
278.081
278.09
282.602
282.622
278.989
278.987
282.64
282.658
278.985
281.023
280.982
281.066
278.983
278.98
278.978
278.976
282.732
278.22
278.233
278.974
278.245
278.972
282.74
278.97
278.264
278.271
278.968
281.061
280.85
281.971
278.966
282.736
278.965
278.963
278.961
280.659
280.748
278.96
281.128
281.176
281.057
280.82
278.958
280.874
280.586
280.551
280.62
278.957
280.906
281.075
280.859
278.955
280.62
280.622
280.435
280.437
278.954
280.901
280.861
282.776
282.825
282.721
280.621
280.432
280.779
278.952
280.795
278.951
280.701
282.577
278.95
280.58
278.949
280.431
282.523
278.948
280.254
278.947
280.047
278.946
281.09
280.871
279.811
278.945
278.944
278.944
282.225
283.102
283.106
282.904
282.953
277.636
280.674
280.712
273.553
273.365
280.749
273.324
280.785
273.299
280.822
273.284
280.098
280.368
280.369
280.094
280.37
280.104
273.274
280.9
280.941
280.753
280.824
280.664
273.267
273.261
278.626
273.258
281.109
273.255
281.153
273.253
281.197
273.875
273.252
281.242
273.251
273.25
282.255
273.249
281.475
281.428
273.249
282.993
282.991
282.948
283.025
281.523
273.249
281.57
273.249
278.97
278.763
280.447
280.267
280.512
280.417
280.624
281.618
281.132
273.249
280.753
281.016
280.898
281.146
280.895
283.036
283.042
283.051
283.058
283.018
283.022
281.666
280.674
280.808
280.516
281.494
281.38
281.467
281.359
281.401
281.522
273.249
281.714
280.932
273.249
282.07
282.011
282.131
280.592
280.374
280.379
280.572
280.362
273.25
281.809
281.856
279.52
273.25
281.902
273.25
281.948
273.251
281.993
273.251
282.038
280.794
280.703
273.251
282.081
279.262
273.251
282.123
273.252
282.164
273.252
280.936
280.835
280.883
282.203
273.252
282.241
273.252
279.356
282.277
279.842
279.871
279.822
281.065
281.052
280.865
273.252
282.273
282.372
282.311
273.251
282.344
281.265
281.286
273.251
282.818
282.795
282.861
282.876
282.72
282.751
282.98
282.991
283.01
282.997
273.251
280.732
280.721
282.375
273.252
281.23
281.249
281.212
281.04
281.145
282.452
280.619
280.624
280.616
282.337
282.416
283.088
283.073
280.433
280.254
280.583
273.252
282.473
280.859
282.25
283.097
283.103
283.102
283.096
283.102
283.096
273.252
282.492
280.508
280.249
273.253
282.506
273.253
282.522
273.253
273.253
278.587
278.447
280.79
280.703
282.572
282.873
282.957
282.758
282.842
282.818
282.899
282.889
282.776
282.743
273.253
283.049
282.406
282.4
282.41
282.58
273.253
282.586
283.052
273.253
282.591
282.588
282.806
273.253
282.595
283.126
283.122
273.254
282.597
282.599
283.111
283.112
283.108
283.107
283.116
283.115
280.136
282.389
282.278
282.493
273.254
282.599
282.597
273.253
273.253
277.768
277.782
282.591
282.586
273.253
281.87
282.024
281.969
282.11
281.775
281.941
282.579
278.256
277.856
277.867
278.24
277.84
281.443
281.486
281.404
279.315
273.253
282.405
282.257
282.333
282.164
282.343
282.471
282.572
278.337
273.253
282.563
273.253
282.552
278.458
278.823
282.3
282.171
282.421
280.592
280.631
273.253
281
280.989
282.202
283.054
283.075
278.23
282.121
282.162
282.079
273.253
281.192
281.099
273.252
278.076
282.492
282.688
282.65
273.252
282.473
273.252
282.451
273.251
273.251
273.251
282.868
282.868
282.31
282.276
282.855
273.252
282.239
281.574
273.252
282.202
273.252
281.875
282.028
281.943
281.777
282.115
281.975
282.586
282.633
282.536
273.252
282.871
282.866
282.833
282.823
282.904
282.904
273.252
280.216
280.507
280.269
280.56
280.174
280.466
273.251
281.992
281.946
282.862
282.939
273.251
280.554
283.027
273.867
278.254
273.251
283.129
280.62
280.619
281.247
273.251
281.664
282.959
282.94
273.25
281.616
277.674
277.669
277.686
273.25
281.012
281.258
281.141
281.374
280.896
281.151
281.568
279.894
279.903
279.885
283.089
283.079
283.085
283.076
283.09
283.081
273.25
280.599
280.562
281.256
282.856
282.909
273.25
273.249
277.868
277.861
277.874
281.378
273.249
273.249
273.249
281.195
273.249
281.15
273.249
281.107
273.25
278.946
278.605
283.134
273.251
281.021
280.979
273.252
283.14
283.144
273.253
280.899
280.859
281.424
281.45
273.255
280.821
273.258
280.996
280.74
280.706
280.959
280.784
281.039
280.784
281.427
281.452
281.402
281.378
281.355
273.262
281.043
281.279
281.425
273.267
283.144
273.274
273.284
282.172
273.3
282.854
282.803
282.898
281.334
281.195
281.311
281.178
278.333
277.926
277.843
283.107
273.324
278.206
273.365
279.251
279.544
273.553
282.943
279.809
281.87
282.342
282.373
273.867
280.047
282.893
281.136
280.907
281.11
280.887
281.162
280.931
273.827
273.832
282.071
281.924
281.808
282.662
282.642
278.962
274.091
280.704
280.797
280.864
278.076
278.075
274.093
280.904
273.833
277.929
277.846
278.039
280.919
273.829
279.934
279.919
279.947
280.909
280.782
280.608
280.614
280.784
280.603
280.788
280.877
280.872
280.897
280.865
278.957
282.872
282.88
282.939
282.941
282.788
282.804
278.958
279.957
279.967
280.1
280.377
280.099
280.372
280.385
280.104
278.959
278.96
281.44
281.338
278.962
278.963
278.964
281.963
278.966
280.391
280.615
280.395
280.613
280.388
280.617
282.876
282.871
282.941
282.941
282.793
283.057
278.967
282.938
282.969
282.9
278.969
278.971
278.255
282.764
278.972
279.891
279.882
279.9
278.974
282.157
282.084
279.454
279.831
282.233
278.976
279.12
278.978
278.827
278.98
279.535
279.241
279.799
278.982
282.918
283.113
283.108
283.123
283.119
283.098
283.093
282.053
278.985
278.987
281.332
278.989
283.076
283.07
283.079
280.916
277.783
278.992
280.629
277.738
278.994
277.706
278.997
278.999
279.002
277.671
279.005
279.007
277.695
277.683
279.01
278.575
278.36
277.707
279.013
279.549
279.016
281.336
281.366
281.308
279.019
283.001
283.008
282.996
278.204
279.022
280.637
281.551
282.198
282.286
280.432
279.025
279.028
279.031
279.034
281.524
281.553
279.037
277.851
277.859
280.788
281.584
280.933
280.924
280.944
277.865
280.86
279.039
277.867
279.042
277.871
281.414
282.182
282.152
279.045
277.876
279.048
280.841
278.932
278.916
278.571
278.588
277.879
282.978
283.05
281.413
281.44
279.051
281.467
280.262
279.053
279.056
279.058
283.095
283.117
279.06
281.288
283.13
279.063
282.991
283.027
283.138
279.065
281.334
281.381
283.143
279.067
283.146
281.645
281.679
281.611
279.069
283.147
282.966
282.968
279.071
283.148
282.589
282.532
279.072
283.148
279.074
283.148
279.075
281.762
279.076
279.078
283.138
279.079
283.13
279.08
283.116
279.08
283.092
279.081
282.64
279.082
280.145
280.15
280.138
279.082
279.85
282.583
282.529
282.641
282.597
282.521
282.457
279.083
281.82
282.869
279.083
281.694
281.585
279.802
279.804
279.805
283.095
283.092
279.084
279.084
279.084
282.172
282.249
279.084
281.683
281.721
277.783
282.866
282.775
280.636
280.647
281.261
281.154
281.378
279.084
282.483
282.427
282.258
277.739
279.084
277.708
279.084
277.688
279.849
279.838
279.86
281.617
281.481
281.511
281.65
280.984
280.987
280.886
280.84
279.084
277.676
279.084
282.938
280.372
280.631
280.379
280.642
279.083
279.083
277.678
277.687
279.082
283.117
283.103
283.127
279.082
279.081
279.813
279.807
279.081
283.099
279.08
279.079
277.81
277.822
279.078
277.833
279.076
282.599
280.094
280.098
279.075
282.595
280.898
280.916
280.979
280.999
280.118
280.113
280.123
279.074
282.385
282.466
282.555
282.489
282.958
279.072
279.071
279.069
280.621
280.712
279.067
280.786
279.065
280.841
279.063
280.875
279.061
280.14
280.13
280.147
279.058
280.209
280.874
280.836
282.662
279.056
280.772
279.053
282.551
281.852
281.805
281.902
280.681
282.427
279.051
280.563
279.048
280.416
281.512
279.045
282.401
281.544
280.24
279.043
280.035
279.04
279.801
279.037
279.034
277.872
279.031
280.48
280.515
279.028
282.036
279.025
279.022
279.019
280.655
279.016
282.325
282.259
282.391
280.69
279.013
283.135
283.13
283.138
280.726
279.01
280.766
283.05
279.008
282.933
282.781
282.806
282.749
282.715
282.857
282.839
280.806
283.122
283.117
283.103
283.109
279.005
280.846
281.892
279.002
278.181
279
280.928
280.97
278.997
281.014
278.994
281.058
278.992
281.102
278.99
280.334
280.413
281.148
278.987
281.193
278.985
281.063
281.24
278.983
282.996
279.907
280.159
280.16
278.981
281.429
279.809
279.806
283.119
278.978
280.939
281.477
283.113
283.098
278.977
281.524
278.975
281.572
278.973
281.619
278.971
281.666
282.887
282.944
282.817
278.969
278.968
282.537
282.612
281.758
281.803
282.456
282.502
282.536
278.966
282.09
278.965
278.963
278.962
278.961
282.012
278.96
282.88
282.806
283.115
283.119
283.107
278.959
278.958
281.225
281.162
281.198
281.14
281.069
281.052
282.51
282.458
282.565
282.393
282.454
273.751
273.479
273.41
273.373
273.349
273.334
280.957
273.323
277.842
273.315
280.11
280.395
280.413
280.126
273.309
280.036
273.305
282.393
273.302
282.572
282.61
282.693
282.717
283.045
283.039
281.257
273.3
280.366
280.369
280.359
273.298
282.095
273.297
282.397
282.328
282.262
282.338
273.297
282.418
282.887
282.93
282.836
273.296
273.296
273.296
280.517
273.296
273.297
273.297
273.297
273.298
273.298
281.897
281.74
282.686
273.298
277.831
273.299
282.32
281.715
281.752
273.299
273.3
273.3
280.663
280.683
282.996
273.3
277.676
273.301
283.135
283.132
283.138
283.136
283.13
273.301
282.966
273.301
281.958
282.015
273.299
281.099
280.166
280.397
280.155
280.383
280.177
280.406
273.299
280.187
280.415
280.425
280.199
281.211
281.109
281.229
281.118
273.3
281.17
281.143
283.092
283.097
283.085
273.3
273.301
273.301
273.301
273.302
273.302
280.444
273.302
280.407
280.678
283.062
283.058
283.032
283.083
283.079
273.302
282.456
282.381
282.305
282.519
282.455
273.302
273.303
280.511
280.787
280.469
280.744
280.563
280.839
273.303
273.303
283.003
283.06
282.912
280.907
273.303
281.058
280.973
283.092
273.303
282.778
283.085
283.089
279.911
283.079
273.302
273.302
281.386
281.36
281.941
281.877
282.009
280.968
273.302
280.926
282.308
273.302
280.615
280.884
273.302
273.302
273.301
282.936
273.301
273.301
273.3
281.153
281.032
273.3
273.299
273.299
273.301
273.301
281.008
273.301
273.3
283.055
283.076
273.3
273.3
282.384
283.052
273.299
274.154
273.299
280.507
280.79
280.701
280.156
273.298
273.298
273.298
273.297
280.959
273.297
282.919
273.297
281.736
282.373
282.759
282.833
282.651
273.296
273.296
273.296
277.797
273.296
279.818
279.827
273.297
273.298
282.626
282.58
282.526
282.465
273.299
277.843
283.122
283.108
273.3
277.851
277.858
281.153
281.093
281.221
273.302
273.305
273.309
273.315
281.282
281.308
273.323
280.907
281.006
273.334
273.349
281.276
281.484
281.533
281.326
281.44
281.231
273.373
273.41
282.281
282.333
280.887
281.033
273.479
273.751
274.154
274.138
274.157
274.524
280.22
280.271
280.179
280.144
280.121
280.109
280.371
274.526
279.537
283.1
283.096
283.111
283.084
283.08
274.159
282.994
274.139
282.198
282.014
282.135
278.975
278.976
278.977
278.978
282.671
282.584
278.98
278.981
280.836
280.83
280.618
281.029
281.017
283.067
278.983
281.088
281.061
281.029
281.053
280.148
280.436
278.985
278.987
278.989
280.886
278.991
278.994
278.996
278.998
282.075
282.202
282.289
282.175
279.001
279.003
279.006
279.009
279.81
279.012
279.015
279.018
279.021
279.024
279.027
282.993
279.03
281.578
281.735
279.034
281.713
279.037
279.041
279.044
281.977
279.048
279.052
283.07
279.055
279.059
282.469
279.063
279.067
282.12
279.07
281.34
279.074
279.814
279.078
279.081
281.617
281.577
281.4
281.66
279.085
281.708
279.088
279.091
279.095
282.896
279.098
282.038
281.901
279.101
282.282
282.225
279.104
279.107
279.109
279.112
279.114
282.414
279.116
280.878
280.892
279.118
279.12
279.122
279.124
279.125
279.126
283.058
283.028
279.128
279.129
279.13
279.912
280.154
279.13
279.131
279.132
279.132
279.133
279.133
279.133
279.133
279.133
279.133
279.133
282.457
282.624
279.133
281.054
280.971
279.133
279.132
283.003
282.998
282.945
282.942
283.046
283.04
279.132
281.52
281.299
281.445
281.22
281.599
281.387
279.131
279.13
279.13
283.104
283.088
283.115
279.129
283.031
283.035
282.993
282.991
283.065
283.061
279.128
279.126
279.125
279.124
279.122
279.12
279.118
279.116
282.714
279.114
279.112
279.109
279.107
281.577
279.104
281.762
279.101
282.997
282.996
282.964
282.96
279.098
281.881
279.095
281.588
279.092
279.088
279.085
279.081
279.078
279.074
280.319
279.07
279.067
283.1
283.107
283.103
283.096
279.063
279.059
279.056
283.07
283.076
279.052
279.048
283.118
279.045
282.998
282.968
279.041
279.038
280.976
280.792
279.034
279.031
279.027
279.024
281.713
281.785
280.607
281.647
279.021
279.018
280.103
279.015
279.012
279.009
279.006
279.004
279.001
278.999
278.996
283.07
278.994
281.334
281.256
281.361
281.279
280.619
278.992
281.482
281.684
278.99
278.987
278.985
278.984
278.982
283.01
283.052
282.951
278.98
278.979
278.977
278.976
278.975
273.984
273.626
281.955
273.517
283.062
273.463
273.429
273.406
273.391
273.38
273.372
273.366
273.361
273.358
273.356
273.355
280.624
280.898
280.835
273.354
273.353
273.353
273.353
273.353
273.353
273.354
273.354
283.066
283.088
283.036
273.355
273.355
273.356
273.356
273.357
273.357
282.659
282.595
282.719
273.358
273.358
273.359
283.062
273.359
273.36
273.356
273.357
273.358
273.358
273.359
273.359
273.36
273.36
282.89
273.36
273.361
273.361
273.361
273.362
281.383
273.362
281.497
281.626
273.362
273.362
273.362
273.362
279.826
273.361
273.361
282.685
273.361
273.36
282.675
273.36
283.089
273.36
273.359
280.783
273.359
280.627
280.9
273.358
273.358
273.357
273.356
273.36
273.359
273.359
273.359
273.358
273.358
273.357
274.479
273.356
273.356
273.355
273.355
273.354
273.354
273.353
273.353
273.353
282.194
273.353
273.353
273.354
273.355
273.356
273.359
273.362
273.366
273.372
273.38
273.391
273.406
273.429
281.496
273.463
273.517
281.057
281.091
281.286
281.503
281.433
281.633
273.626
273.984
281.075
281.116
274.478
283.076
283.071
283.093
274.495
274.544
275.029
279.909
275.031
274.547
274.498
280.973
280.855
278.995
278.996
281.037
278.998
279
279.002
283.018
279.004
279.006
282.163
282.047
279.008
279.011
280.337
279.013
279.016
279.019
279.022
279.025
282.064
279.028
279.031
282.995
279.034
279.038
279.041
279.045
279.049
279.053
279.057
279.061
279.065
279.069
279.073
279.078
279.082
279.087
282.764
282.871
279.091
282.623
279.096
279.1
279.105
279.11
279.114
279.119
279.123
279.128
279.132
281.388
279.136
281.541
281.508
279.141
279.145
279.149
279.152
281.052
281.216
279.156
279.159
279.163
283.082
279.166
279.169
279.171
279.174
279.176
279.178
281.319
281.301
279.18
279.874
279.182
279.184
282.924
282.916
281.106
281.039
279.185
279.186
279.187
279.188
279.189
279.19
280.15
280.36
280.143
280.353
280.369
279.191
279.191
282.154
282.229
282.081
279.191
279.192
279.192
279.192
279.192
279.192
282.252
279.191
279.191
282.932
279.191
279.19
282.711
279.189
279.189
280.21
280.219
279.188
279.186
279.185
279.184
279.182
279.18
283.092
279.178
279.176
279.174
281.478
279.171
279.169
279.166
280.688
280.528
280.822
279.163
279.16
279.156
279.153
279.149
279.145
279.141
282.477
282.326
282.604
279.137
279.132
279.128
279.81
279.123
279.119
283.122
279.114
279.11
279.105
279.101
279.096
279.091
279.087
281.148
279.082
279.078
279.074
279.069
279.065
280.396
280.611
280.391
280.6
279.061
279.057
279.053
279.049
279.045
283.12
279.042
279.038
282.746
279.035
279.031
279.028
279.025
279.022
279.019
279.017
279.014
283.126
279.011
279.009
279.006
279.004
280.71
280.592
279.002
281.76
279
278.998
278.997
278.995
274.257
273.811
273.651
273.574
273.527
279.909
279.907
273.495
273.473
273.458
273.447
273.439
281.045
273.433
273.429
280.469
280.624
273.426
273.424
273.422
273.421
273.421
273.421
273.421
273.422
273.422
273.423
281.945
273.423
273.424
273.425
273.426
273.426
273.427
273.428
273.428
273.429
273.43
283.012
273.43
273.426
273.426
273.427
273.428
273.429
273.43
273.43
273.431
273.431
283.129
283.133
273.431
279.904
279.893
280.788
273.432
273.432
273.432
273.433
273.433
280.823
281.005
282.375
273.433
273.433
273.432
273.432
279.846
279.875
273.432
273.431
273.431
273.431
273.43
273.43
273.429
273.428
273.427
281.386
273.427
273.426
273.43
273.43
273.429
273.428
273.428
273.427
273.427
274.843
273.426
273.425
273.424
273.424
273.423
273.422
273.422
273.421
281.544
281.37
273.421
273.421
273.422
273.422
273.424
273.426
273.429
273.433
273.439
273.447
273.458
273.474
273.495
273.527
273.574
273.652
273.811
281.118
281.097
274.256
274.843
274.903
275.003
275.61
275.614
275.007
274.907
279.02
279.021
279.023
279.025
279.028
279.031
279.033
279.036
279.039
279.043
279.046
279.049
279.053
279.057
279.06
279.064
279.069
279.073
282.774
282.682
279.077
279.082
279.086
279.091
279.096
279.101
279.106
279.111
281.685
279.116
279.122
279.127
279.133
279.138
279.144
279.15
279.155
279.161
279.167
279.172
279.178
279.184
279.189
279.194
279.199
279.204
279.209
279.214
279.218
279.223
279.227
279.23
279.234
279.237
279.24
279.243
279.246
279.248
279.25
279.252
279.254
279.256
279.257
279.258
279.259
279.26
279.261
279.261
279.262
279.262
279.262
279.262
280.223
279.262
279.262
282.791
279.262
279.261
279.261
279.26
279.259
279.258
279.257
279.256
279.254
279.252
279.251
279.248
279.246
279.243
279.241
279.237
279.234
279.231
279.227
279.871
279.223
279.865
279.219
279.214
279.21
279.205
279.2
279.195
279.189
279.184
279.178
279.173
279.167
279.161
279.156
279.15
279.144
279.139
279.133
279.128
279.122
279.117
279.111
279.106
279.101
279.096
279.091
279.087
282.169
279.082
279.077
279.073
279.069
279.065
279.061
279.057
279.053
279.05
279.046
279.043
279.04
279.037
279.034
279.031
279.028
279.026
279.024
279.022
279.02
274.57
274.044
273.821
273.712
273.647
273.604
273.574
273.553
273.538
273.527
273.519
273.514
273.51
273.507
273.505
273.504
273.503
273.503
273.503
273.504
273.504
273.505
273.506
273.507
273.508
273.509
273.51
273.511
273.512
273.513
273.513
273.514
273.515
273.509
273.51
273.511
273.512
273.513
273.514
273.515
273.515
273.516
273.516
273.517
273.517
273.518
273.518
273.518
273.518
273.518
273.518
273.517
273.517
273.516
273.516
282.747
273.515
273.515
273.514
273.513
273.512
283.085
273.511
273.51
273.509
273.515
281.843
282.709
273.514
273.513
273.513
273.512
273.511
273.51
275.245
273.509
273.508
273.507
273.506
273.505
273.505
273.504
282.99
273.503
273.503
273.503
273.504
273.505
273.507
273.51
273.514
273.52
273.528
273.539
273.554
273.575
273.604
273.647
273.713
273.821
274.044
274.57
282.532
275.247
283.081
275.365
283.091
275.541
283.098
276.271
282.398
276.275
275.545
275.369
279.049
279.051
279.054
279.056
279.059
279.063
279.066
279.07
279.074
279.078
279.082
279.086
279.09
279.095
279.1
279.104
279.109
279.115
279.12
279.125
279.131
279.137
279.143
279.149
279.155
279.162
279.168
279.175
279.181
279.188
279.195
279.202
279.209
279.216
279.223
283.076
279.23
283.086
279.237
279.244
279.251
279.257
279.264
279.27
279.276
279.282
279.288
279.293
279.299
279.303
279.308
279.312
279.317
279.32
279.324
279.327
279.33
279.332
279.335
279.337
279.339
279.34
279.342
279.343
279.344
279.345
279.346
279.346
279.347
279.347
279.347
279.347
279.347
279.346
279.346
283.104
279.345
279.344
279.343
279.342
279.34
279.339
279.337
279.335
279.333
279.33
279.327
283.07
279.324
283.079
279.32
279.317
279.313
279.308
279.304
279.299
279.294
282.155
279.288
279.282
279.276
279.27
279.264
279.258
282.637
279.251
279.244
279.237
279.23
279.223
279.216
279.209
279.202
279.196
279.189
279.182
279.175
279.168
279.162
279.156
279.149
279.143
279.137
279.132
279.126
279.12
279.115
279.11
279.105
281.15
281.382
279.1
281.09
279.095
279.091
279.086
281.194
279.082
279.078
280.657
279.074
280.916
279.07
279.067
279.063
279.06
279.057
279.054
279.052
279.049
282.276
274.926
274.331
274.036
273.885
273.796
273.737
273.698
273.669
273.649
273.635
273.624
273.616
283.108
273.611
273.607
273.604
273.603
273.602
273.602
273.602
281.929
281.766
273.603
281.813
280.728
273.603
281.699
273.604
273.605
273.607
273.608
273.609
273.61
273.612
273.613
281.044
281.278
273.614
281.001
281.235
273.615
280.965
281.198
273.615
280.935
281.166
273.617
280.91
281.138
273.611
273.61
273.612
273.613
273.614
273.615
280.816
280.993
273.616
280.808
280.982
273.617
280.801
280.974
273.618
273.618
273.619
273.62
281.131
273.62
281.145
273.621
281.162
273.621
273.621
273.62
273.62
273.62
273.619
273.618
273.618
273.617
273.616
273.615
273.614
273.613
273.612
273.61
273.611
273.617
273.616
273.615
273.614
273.613
273.612
273.611
281.97
275.686
273.609
273.608
282.056
273.607
273.606
273.605
273.604
273.603
273.602
273.602
273.602
273.603
273.605
273.607
273.611
273.617
273.624
273.635
273.65
273.67
273.698
280.577
273.738
273.796
273.885
274.036
282.372
274.331
274.926
275.692
275.882
281.86
276.16
277.007
281.587
277.012
276.165
275.887
279.084
279.087
279.09
279.093
281.174
279.097
279.101
279.105
279.11
279.115
279.119
279.124
279.13
280.717
280.556
279.135
279.141
279.146
279.152
279.158
279.165
279.171
279.178
279.185
279.192
279.199
279.207
279.214
279.222
279.23
279.238
279.246
279.255
279.263
279.272
279.28
279.289
279.297
280.389
279.306
279.314
279.323
279.331
279.339
279.347
279.355
279.362
279.37
279.377
279.383
279.39
279.396
279.401
279.407
279.411
279.416
283.076
279.42
279.424
279.428
279.431
279.434
279.436
283.134
279.438
279.44
279.442
279.444
279.445
279.446
279.447
279.447
280.382
279.448
279.448
281.584
279.448
279.448
279.448
279.447
279.447
279.446
279.445
279.444
279.442
279.441
279.439
279.436
279.434
279.431
279.428
279.424
279.42
279.416
279.412
280.384
279.407
279.401
279.396
279.39
279.383
279.377
279.37
279.363
279.355
279.347
281.248
279.339
281.269
279.331
281.29
279.323
279.315
279.306
279.298
279.289
279.281
279.272
279.264
279.255
279.247
279.239
279.231
279.223
279.215
279.207
279.2
279.193
279.185
279.178
279.172
279.165
279.159
279.153
279.147
279.141
281.771
279.136
279.13
279.125
279.12
279.115
279.11
279.106
279.102
279.098
279.094
279.09
279.087
281.843
279.085
283.05
281.952
282.181
275.324
274.676
274.307
282.937
282.318
274.103
273.981
273.902
273.849
273.811
273.784
273.765
282.527
273.751
273.74
273.733
273.728
273.724
273.722
273.721
273.721
273.721
281.816
273.721
281.76
273.722
273.724
273.725
273.727
273.728
273.73
273.731
273.733
273.734
273.735
273.737
273.738
273.739
273.734
273.731
273.733
273.735
282.612
273.736
273.737
273.739
273.74
273.74
273.741
273.742
273.743
273.743
280.964
273.744
280.846
273.744
280.706
280.544
273.744
280.698
280.537
273.744
280.836
273.743
280.949
273.743
273.742
273.741
273.74
282.429
273.74
273.739
273.737
273.736
273.735
273.733
273.731
280.933
273.734
273.739
273.738
273.737
273.736
273.734
273.733
273.731
276.164
273.73
273.728
273.727
273.725
273.724
273.723
273.722
280.106
273.721
273.721
273.721
273.723
273.725
273.728
273.733
273.741
273.751
273.765
273.785
273.812
273.849
283.082
273.903
273.982
274.103
274.307
274.676
283.137
275.326
276.179
276.455
276.862
277.805
277.812
281.387
276.867
276.46
280.129
281.334
282.073
282.696
281.566
282.766
282.875
281.019
283.033
281.021
282.58
282.606
281.082
280.345
281.12
282.957
283.017
283.06
283.089
283.139
280.138
283.089
283.06
283.017
281.165
281.197
281.17
280.98
280.797
280.032
279.966
279.914
279.852
281.79
280.333
281.133
280.125
281.101
