-0.0655864
-0.0659179
-0.0872207
-0.0867629
-0.0476518
-0.0478839
0.0408503
0.0295335
0.041852
0.0302608
0.0398857
0.0288334
0.354777
0.363985
0.39602
0.404863
0.31407
0.323708
0.37292
0.41314
0.333113
-0.0650618
-0.0860504
-0.0472791
0.0389571
0.0281597
-0.0643378
-0.0850753
-0.046761
0.0380664
0.0275137
0.560707
0.552334
0.616613
0.609384
0.501567
0.492383
-0.0634111
-0.0838335
-0.0460949
0.0372097
0.0268924
0.545178
0.602988
0.484797
0.284885
0.248689
0.283188
0.247047
0.28579
0.249632
-0.000204306
-0.0329908
-0.0325032
-0.000618299
-3.90E-05
-0.0334947
-0.0622817
-0.0823252
-0.0452807
0.0363919
0.0262998
-0.419753
-0.45655
-0.450375
-0.413726
-0.424104
-0.461109
-0.498583
-0.482592
-0.46543
-0.44984
-0.529744
-0.512736
0.728508
0.712082
0.707562
0.693865
0.7459
0.727161
-0.382855
-0.377185
-0.387139
0.894912
0.899892
0.887345
0.891201
0.894854
0.900808
-0.0609513
-0.0805529
-0.0443197
0.0356025
0.0257275
0.88967
0.883224
0.888588
0.741295
0.717567
0.761295
0.759783
0.777252
0.739375
0.661416
0.664311
0.699747
0.702007
0.624022
0.620179
0.861268
0.892159
0.887039
0.855353
0.896408
0.866302
0.754361
0.765751
0.781939
0.791844
0.720642
0.732409
-0.0594241
-0.0785221
-0.0432148
0.0348573
0.0251883
-0.519191
-0.513486
-0.559447
-0.554501
-0.47143
-0.478298
-0.0711959
-0.0599118
-0.0818373
-0.0683476
-0.0609527
-0.0517598
-0.057706
-0.0762407
-0.0419704
0.0341272
0.024659
0.555321
0.556172
0.585049
0.589992
0.51899
0.523111
0.263147
0.256327
0.298149
0.290805
0.228877
0.222711
0.550889
0.589338
0.509017
-0.427043
-0.428558
-0.460727
-0.458403
-0.392041
-0.398033
-0.883042
-0.878611
-0.868904
-0.865807
-0.884287
-0.889779
-0.783252
-0.803878
-0.793388
-0.812444
-0.773359
-0.795191
-0.414723
-0.453729
-0.374033
-0.0558049
-0.0737192
-0.0405922
0.0334549
0.0241745
0.433906
0.470007
0.443041
0.479533
0.422706
0.458086
-0.887276
-0.871899
-0.895026
-0.756138
-0.767083
-0.745132
0.505205
0.515353
0.493192
-0.0537305
-0.0709703
-0.0390871
0.0327451
0.0236587
-0.0349489
-0.0699105
-0.0691239
-0.0345522
-0.070513
-0.0352537
-3.85E-05
-4.05E-05
-3.68E-05
-0.706463
-0.754568
-0.703316
-0.75199
-0.710306
-0.757209
-0.0514934
-0.0680082
-0.037463
0.0320823
0.0231807
-0.369935
-0.406183
-0.340758
-0.334063
0.526169
0.565754
0.520335
0.560839
0.531893
0.570884
-0.0491057
-0.0648485
-0.0357286
0.0312204
0.0225459
-0.471181
-0.474159
-0.53124
-0.534535
-0.410386
-0.412796
0.237689
0.246796
0.284104
0.292719
0.19449
0.203892
-0.469509
-0.52909
-0.409377
0.256185
0.30166
0.213545
-0.0465801
-0.061508
-0.0338933
0.030299
0.0218687
0.586687
0.588329
0.641495
0.642563
0.530386
0.532775
0.590477
0.643757
0.535827
-0.847801
-0.846281
-0.0439295
-0.0580037
-0.0319665
0.0284677
0.0204573
0.624109
0.592312
0.583012
0.614303
0.631592
0.599127
0.271304
0.302522
0.32535
0.292931
0.277212
0.247831
-0.849347
0.653682
0.643134
0.662124
0.451224
0.472471
0.473624
0.496446
0.426702
0.446872
0.399875
0.423846
-0.0411672
-0.0543531
-0.0299579
0.0192587
0.0269427
-0.0383061
-0.0505729
-0.027877
-0.0195123
-0.0268812
-0.020633
-0.0283335
-0.0180394
-0.0249281
-0.782469
-0.781372
-0.757985
-0.757477
-0.804846
-0.803004
-0.473587
-0.451302
-0.423473
-0.445348
-0.496486
-0.472605
-0.426844
-0.399522
-0.510155
-0.464997
-0.521053
-0.481071
-0.443928
-0.494099
-0.0353588
-0.0466798
-0.0257331
-0.0170832
-0.0236125
-0.777413
-0.754361
-0.797914
-0.742874
-0.787434
-0.786668
-0.742811
-0.788001
-0.74322
0.61167
0.655228
0.607709
0.652278
0.657959
0.615869
0.905928
0.911579
0.906398
0.899875
0.916301
0.911468
-0.0323372
-0.0426891
-0.0235347
-0.0161161
-0.0222874
-0.0292526
-0.038616
-0.0212903
-0.0153043
-0.0211662
-0.444827
-0.485238
-0.491475
-0.451884
-0.436902
-0.0261147
-0.0344728
-0.0190068
-0.0144962
-0.0200573
-0.0989371
-0.105518
-0.0835992
-0.0617327
-0.136061
-0.132735
-0.22934
-0.220847
-0.276187
-0.268265
-0.185811
-0.177015
-0.925925
-0.926009
-0.912825
-0.912866
-0.932032
-0.932093
-0.238119
-0.284421
-0.194932
-0.924987
-0.912199
-0.930965
0.464861
0.451547
0.524167
0.51222
0.403241
0.389044
0.514428
0.556003
-0.0229337
-0.0302731
-0.0166919
-0.0137575
-0.0190386
-0.841168
-0.85659
-0.865924
-0.848809
-0.845252
-0.83166
-0.8381
-0.82978
-0.846879
-0.839811
-0.812537
-0.822008
0.440059
0.377186
0.090071
0.0941778
0.0620965
0.0603111
0.125796
0.12145
0.175769
0.205647
0.214166
0.245498
0.13416
0.160175
-0.0197159
-0.0260252
-0.01435
-0.0130268
-0.0180323
-0.826526
-0.825591
-0.82767
-0.0164692
-0.0217394
-0.011987
-0.0123156
-0.0170513
0.116024
0.152738
-0.0131977
-0.017421
-0.00960592
-0.0116021
-0.016068
-0.387039
-0.42898
-0.395829
-0.378062
-0.421094
0.176362
0.198035
0.196811
0.221117
0.154929
0.17337
0.268928
0.234094
0.368593
0.392174
0.342391
0.373863
-0.00990927
-0.0130799
-0.00721255
-0.0108907
-0.0150871
0.304335
0.244763
0.209083
0.241862
0.206472
0.211162
0.309559
0.335476
-0.365926
-0.360871
-0.421126
-0.416961
-0.312337
-0.30641
-0.108148
-0.0807631
0.280763
0.277637
-0.371646
-0.425954
-0.318893
-0.135357
-0.00661288
-0.00872885
-0.00481322
-0.0101746
-0.0140997
0.420481
0.459541
0.453018
0.427635
0.466151
-0.00330948
-0.00436883
-0.00240857
-0.00945425
-0.0131065
0.198622
0.168603
0.189437
0.161295
0.207047
0.175398
-0.560222
-0.538829
-0.580855
-0.5574
-0.537673
-0.518601
-0.409683
-0.469071
-0.350889
-0.349696
0.140907
0.133525
0.142745
-0.411124
-0.469699
-0.353224
-3.22E-06
-4.23E-06
-2.35E-06
-0.00872863
-0.012106
0.604755
0.600282
0.609388
0.00330309
0.00436044
0.00240391
-0.0079965
-0.0110967
0.0066067
0.00872072
0.0048087
-0.00726131
-0.0100844
-0.486436
-0.513037
-0.447117
-0.507576
-0.464179
0.00990342
0.0130722
0.00720827
-0.00666005
-0.00925734
0.0131924
0.0174139
0.00960199
-0.00592139
-0.00823839
0.831894
0.839267
0.836997
0.842948
0.820414
0.829112
0.0164644
0.021733
0.0119835
-0.00517886
-0.00721526
0.0197118
0.0260198
0.014347
-0.00443324
-0.00618787
0.0229303
0.0302687
0.0166895
-0.00368582
-0.00515802
0.0261122
0.0344695
0.019005
-0.00293769
-0.00412727
0.529917
0.545492
0.499003
0.513561
0.574219
0.557514
-0.589335
-0.574247
-0.545266
-0.559328
-0.599645
-0.616211
0.482861
0.512931
0.029251
0.0386138
0.0212891
-0.00219019
-0.00309744
-0.903628
-0.910513
-0.894439
-0.900356
-0.907271
-0.914826
0.0323365
0.0426882
0.0235342
-0.00144397
-0.00206949
0.100121
0.0940755
0.126066
0.118237
0.0702734
0.074731
-0.895181
-0.88704
-0.898087
-0.304667
-0.313681
-0.367234
-0.376616
-0.24337
-0.251718
0.523903
0.490507
0.531016
0.496838
0.513505
0.481099
0.0495073
0.0467053
0.0791476
0.0524678
0.814447
0.827952
0.831287
0.816523
0.812207
0.824558
0.556609
0.564522
0.545199
0.0247066
0.0260423
0.0232856
0.795305
0.796044
0.794167
0.381001
0.220503
0.176562
0.185332
0.228909
0.168159
0.21256
0.0353591
0.04668
0.0257333
-0.000697393
-0.00104127
0.033985
0.0334131
0.0680787
0.0669379
-4.12E-05
-0.325183
-0.388547
-0.402759
-0.339804
0.512504
0.537213
0.518643
0.521035
0.549476
0.0383072
0.0505744
0.0278779
5.11E-05
-1.07E-05
0.309598
0.273767
0.313801
0.345887
0.340333
0.350319
0.413827
0.419731
0.382639
0.376883
0.456771
0.450692
0.0411692
0.0543557
0.0299595
0.000795727
0.00101457
0.796561
0.833566
0.824259
0.786596
0.842586
0.806274
0.24971
0.280456
0.249238
0.219829
0.0439324
0.0580075
0.0319686
0.00153532
0.00203274
-0.233878
-0.233444
-0.290669
-0.29134
-0.180567
-0.178901
-0.235759
-0.29158
-0.183476
0.0465838
0.0615128
0.033896
0.00227184
0.0030463
0.0491101
0.0648542
0.0357319
0.003006
0.0040563
-0.586189
-0.585731
-0.641492
-0.641992
-0.528879
-0.528007
0.0514984
0.0680147
0.0374667
0.00373764
0.00506258
-7.02E-05
-9.43E-05
0.0290789
0.00081282
-0.587076
-0.641992
-0.530467
0.471836
0.520028
0.464417
0.513364
0.478972
0.525929
-0.0257435
-0.0246973
-0.0268856
0.053736
0.0709775
0.0390911
0.00446774
0.00606621
-0.178953
-0.180991
-0.234837
-0.237987
-0.12749
-0.12806
0.494206
-0.128772
0.0558108
0.073727
0.0405965
0.00519705
0.00706812
0.795092
0.763922
0.798088
0.764255
0.789774
0.761613
0.106805
0.119845
0.0916869
0.102434
0.122243
0.137814
0.0577121
0.0762488
0.0419749
0.00592837
0.00807171
-0.761373
-0.777315
-0.792024
-0.773675
-0.75986
-0.745933
-0.716345
-0.705835
-0.681178
-0.690524
-0.739605
-0.727549
-0.6429
-0.644467
-0.698297
-0.696467
-0.588044
-0.586351
-0.695277
0.0594304
0.0785303
0.0432195
0.00666328
0.00907942
0.776615
0.802015
0.7437
0.823121
0.844219
0.824648
0.846579
0.821877
0.84162
0.0609576
0.0805612
0.0443243
0.00741051
0.0101025
0.653949
0.692902
0.693057
0.657973
0.647969
0.690513
0.0622878
0.0823333
0.0452852
0.00817149
0.0111435
0.831614
0.813382
0.820689
0.841082
0.803715
0.819981
-0.821243
-0.832446
-0.802985
0.063417
0.0838413
0.0460992
0.00895994
0.012219
0.0964009
0.0641314
0.129066
0.712596
0.743595
0.710257
0.742516
0.714757
0.744881
0.1762
0.140912
0.177547
0.141944
0.173693
0.138949
0.678383
0.675641
0.681707
0.211505
0.213206
0.208418
0.0643433
0.0850824
0.0467649
0.00977176
0.0133258
0.879589
0.873501
0.854553
0.859106
0.894414
0.887022
0.884238
0.862177
0.900323
-0.465493
-0.500783
-0.467123
-0.502883
-0.462126
-0.496823
0.0650667
0.0860568
0.0472827
0.0106469
0.0145124
-0.429843
-0.431041
-0.42703
0.0655906
0.0867684
0.0476548
0.0115802
0.0157756
-0.168626
-0.160678
-0.21293
-0.205499
-0.128537
-0.120293
-0.464252
-0.427386
-0.500881
-0.49792
-0.238926
-0.293647
-0.187643
-0.137174
0.169682
0.203534
0.13578
-0.243178
-0.296938
-0.192801
0.0659212
0.0872251
0.0478864
0.0126406
0.017188
0.0327574
-0.624115
-0.632738
-0.675333
-0.681116
-0.579872
-0.569676
0.0660641
0.0874345
0.0479809
0.0137242
0.0186457
-0.616913
-0.669624
-0.560244
0.830994
0.824632
0.0660261
0.0874055
0.0479436
0.0151507
0.0204694
0.0658199
0.0871539
0.0477842
0.0163545
0.0220262
0.748242
0.77016
0.789464
0.0654563
0.0866937
0.0475105
0.0184177
0.0243676
-0.733548
-0.722495
-0.802045
-0.804706
-0.809727
-0.813568
-0.788899
-0.790361
-0.832518
-0.79312
-0.833445
-0.794485
-0.831312
-0.791681
-0.777676
-0.744377
0.0649453
0.0860387
0.0471298
0.0189952
0.0247603
0.360563
0.365638
0.416699
0.42076
0.30606
0.312048
0.0643019
0.085208
0.046653
0.0225643
0.0258111
-0.658567
-0.654022
0.684935
0.717153
0.650514
0.646381
-0.650145
-0.820459
-0.821114
-0.792667
-0.788238
-0.844792
0.06354
0.0842199
0.0460904
-0.00637041
-0.0152524
0.174172
0.216009
0.191052
0.15642
0.153011
0.167634
0.180899
0.178853
0.238101
0.234826
0.127907
0.127325
0.0626733
0.0830923
0.0454521
-0.0463823
-0.0329045
0.178744
0.233354
0.128547
0.0617154
0.0818431
0.044748
-0.00592471
-0.00880741
-0.0947864
-0.0953866
-0.129153
-0.127843
-0.0630993
-0.0623405
0.0606799
0.08049
0.043988
0.0114687
0.0183419
0.23386
0.262449
0.250578
0.280771
0.242846
-0.168561
-0.17898
-0.1951
-0.207183
-0.143065
-0.151977
0.771086
0.79164
0.771141
0.792944
0.770934
0.790255
0.746064
0.747139
0.0595799
0.0790504
0.0431816
0.0230619
0.0390115
0.0584278
0.0775407
0.0423381
0.113374
0.145995
-0.833759
-0.824468
-0.861187
-0.852713
-0.796764
-0.786815
-0.842765
-0.86936
-0.806462
-0.80624
-0.8375
-0.825166
-0.794885
-0.848014
-0.815802
0.0572356
0.0759766
0.041466
0
0
0.0560142
0.0743724
0.0405733
-0.113195
-0.145727
0
0
-0.0229061
-0.0387488
-0.464905
-0.432497
-0.413459
0.0547736
0.0727417
0.0396673
-0.0114898
-0.0183819
-0.64584
-0.644076
-0.696001
-0.695111
-0.590821
-0.593405
-0.648248
-0.69751
-0.596764
0.0535231
0.0710964
0.0387546
0.00584741
0.00866906
-0.692629
-0.669542
-0.676952
-0.655486
-0.712369
-0.694225
-0.356081
-0.352483
-0.387442
-0.39165
-0.317359
-0.320404
0.0522709
0.0694476
0.0378413
0.0460103
0.0326606
0.0510242
0.067805
0.0369325
0.00619282
0.0149932
-0.879591
-0.884291
-0.859019
-0.862211
-0.873473
-0.854617
0.0497896
0.0661772
0.0360331
-0.022583
-0.0258476
-0.780686
-0.803494
-0.755903
0.708862
0.743615
0.667901
0.679438
0.0485726
0.0645716
0.0351469
-0.0190324
-0.0248117
0.0473778
0.0629944
0.0342773
-0.0184442
-0.0244055
-0.456568
-0.448397
-0.493964
-0.500753
-0.412235
-0.402902
-0.597976
-0.602933
-0.544893
-0.539092
0.0462093
0.0614509
0.0334273
-0.0163774
-0.0220583
-0.593628
0.819621
0.8369
0.839127
0.820485
0.834225
0.818279
-0.144887
-0.16432
-0.165398
-0.189422
-0.126148
-0.141674
-0.727632
-0.757892
-0.728719
-0.762146
-0.724462
-0.751143
0.797043
0.797017
0.796742
0.0450702
0.0599456
0.032599
-0.0151689
-0.0204952
-0.867145
-0.877997
-0.854338
0.0439631
0.0584818
0.0317943
-0.0137383
-0.0186656
0.716135
0.7055
0.690387
0.680917
0.0428898
0.057062
0.0310145
-0.0126518
-0.0172038
-0.166974
-0.16002
-0.131929
-0.168118
-0.197524
-0.188788
-0.205054
-0.416959
-0.39078
-0.0463963
-0.0310319
-0.03429
-0.051355
-0.0277996
-0.0414779
0.0556886
-0.0115901
-0.0157894
-0.0616391
-0.0683875
-0.0549434
0.769931
0.81567
0.759991
0.77953
0.82468
0.0543623
-0.0106556
-0.0145245
0.826181
-0.825075
-0.843157
-0.839444
-0.822353
-0.843001
-0.824273
0.0530846
-0.00977941
-0.0133365
0.686197
0.734952
0.675664
0.724593
0.696815
0.745357
-0.404139
0.826108
0.824917
0.830911
0.821229
0.818869
0.593703
0.590183
0.650311
0.646817
0.531269
0.534651
0.212688
0.176881
0.175526
0.820952
0.817193
0.0518543
-0.00896744
-0.0122295
0.358874
0.345788
0.379826
0.587753
0.644272
0.529073
0.0506735
-0.00817903
-0.011154
0.0495376
-0.00741774
-0.0101126
0.0484524
-0.00667006
-0.00908885
-0.000666677
-0.00114234
0.0304357
0.0295569
-0.0319515
-0.0307361
0.580305
0.570101
0.632575
0.624437
0.0474054
-0.00593483
-0.00808065
0.0464147
-0.00520361
-0.00707715
-0.821781
-0.796672
-0.177599
-0.178049
-0.142
-0.142311
-0.213252
-0.21388
-0.911692
-0.90652
-0.908984
-0.904674
-0.900008
-0.90605
0.0454462
-0.00447415
-0.00607505
-0.1886
-0.216441
-0.160007
-0.141308
-0.916406
-0.912914
-0.91158
0.340313
0.325806
0.277213
0.262988
0.098653
0.0656227
0.100616
0.314069
0.251925
0.0445485
-0.00374402
-0.00507137
-0.864254
-0.862909
-0.828887
-0.830207
-0.891586
-0.89044
-0.145698
-0.123607
-0.157504
-0.133595
-0.113454
-0.133752
-0.865064
-0.892339
-0.169374
-0.182324
-0.155558
0.624373
0.623506
0.655673
0.658609
0.584307
0.0436098
-0.00301257
-0.00406531
0.618688
0.575272
-0.310983
-0.276955
-0.307017
-0.340554
-0.244852
-0.278143
0.0427272
-0.00227791
-0.00305465
-0.214794
-0.245031
0.0416064
-0.0015404
-0.0020398
0.811585
-0.0968249
-0.129789
-0.0645373
0.0404099
-0.000800448
-0.00102112
-0.34555
-0.33549
0.321844
0.285777
0.322062
0.32038
0.284647
-0.354954
0.38867
0.357922
0.358407
0.356065
0.0381523
-5.58E-05
4.26E-06
0.000692942
0.00103515
-0.748506
-0.72415
-0.0356095
-0.0331317
0.00143995
0.00206397
0.034472
-0.443695
-0.496047
-0.450405
-0.501843
-0.437268
-0.490582
0.613814
0.0690449
-0.0313951
0.00218672
0.00309266
-0.0296513
0.00293486
0.00412337
0.681105
0.67548
0.725341
0.722135
-0.293031
-0.280687
-0.248976
-0.260406
-0.313567
-0.326806
-0.0281629
0.00368376
0.00515519
0.669383
0.718005
0.0704498
0.0730522
0.095287
0.103824
0.0445063
0.0475959
0.317078
0.353671
-0.419854
-0.0267013
0.00443196
0.00618613
0.0316959
0.415154
0.423385
0.925869
0.924939
0.912801
0.912139
0.931983
0.930924
0.925947
0.912757
0.932035
0.431802
-0.0253512
0.0051784
0.00721466
0.697423
0.733103
0.493492
0.501177
0.538818
0.544578
0.456518
0.448287
-0.0240193
0.00592189
0.0082391
0.599215
0.61595
0.589366
0.619828
0.638837
0.507574
0.550139
0.464499
-0.0227185
0.00666165
0.00925956
0.0937626
0.106561
0.580515
0.0809808
-0.0214157
0.00726405
0.0100882
-0.673378
-0.658449
-0.637317
-0.649213
-0.684089
-0.708063
-0.656454
-0.0201153
0.00800047
0.0111022
0.261005
0.229291
0.248993
0.218657
0.271942
0.23911
-0.599316
-0.594952
-0.6038
-0.564722
-0.9245
-0.920863
-0.924228
-0.927253
-0.913061
-0.90872
-0.927375
-0.929623
-0.91657
-0.0188064
0.00873403
0.0121134
0.246813
0.248912
0.243106
0.282102
0.27773
-0.0174898
0.00946118
0.013116
-3.53E-05
-3.40E-05
-0.0355428
-0.0354572
0.0354754
0.0353872
-0.298052
-0.0161634
0.0101831
0.0141114
-0.865818
-0.866262
-0.0148259
0.0109009
0.0151011
-0.0134862
0.0116143
0.0160848
-0.817833
-0.79649
-0.819269
-0.797074
-0.816286
-0.795892
-0.502765
-0.466349
-0.833988
-0.836445
-0.831171
-0.0123929
0.01233
0.0170712
-0.429671
0.281199
0.313254
0.775807
0.780733
0.798735
0.803538
0.751009
0.755952
-0.0110415
0.0130438
0.0180557
-0.00968626
0.0137774
0.0190659
0.683343
0.690121
-0.0083254
0.0145184
0.0200878
-0.267559
-0.299726
0.724112
-0.494078
-0.804006
-0.783326
-0.00696135
0.0153284
0.0211994
0.0427717
0.0785752
0.663118
0.658905
0.629061
0.623845
0.6948
0.691659
-0.0055962
0.0161412
0.0223221
-0.610324
-0.618291
-0.657843
-0.653926
-0.56265
-0.574708
0.840168
0.84454
0.848695
0.835624
-0.00423239
0.0171085
0.0236475
-0.600707
-0.647537
-0.549541
0.088823
0.121477
0.110633
0.0684222
0.273854
0.283823
0.244186
0.234589
-0.00287135
0.0180644
0.0249629
-0.82046
-0.797434
-0.8214
-0.796991
0.293068
0.253674
0.143094
0.152486
-0.834202
-0.832568
-0.0015103
0.0195353
0.0269136
-0.830026
-0.72902
-0.731394
-0.7014
-0.697146
-0.703249
-0.000146496
0.0206544
0.0283639
0.743017
0.743792
0.693967
0.694162
0.788055
0.789107
-0.694494
0.69806
0.735641
0.734247
-0.694352
-0.0381695
-0.0284771
-0.0269246
-0.0362976
-0.0404616
-0.0303371
0.00121035
0.7425
0.693962
0.78709
-0.0416673
-0.0312658
0.00255736
-0.23652
0.830306
0.834122
0.870361
0.873353
0.778749
0.783379
0.82544
0.77312
-0.0427941
-0.0321327
0.00389763
-0.0436762
-0.0327952
0.00523274
0.582042
0.5869
0.53226
0.577298
0.837532
0.825205
0.86015
0.847175
0.806273
0.794924
0.848039
0.871289
0.815829
-0.044613
-0.0335036
0.00656245
-0.412037
-0.458826
-0.419871
-0.209917
-0.171893
-0.18252
-0.148388
-0.202008
-0.242071
-0.0455077
-0.0341737
0.00788773
-0.693282
-0.692915
-0.690429
-0.490689
-0.525285
-0.438773
-0.0464743
-0.0349024
0.00920961
0.848508
0.854172
0.498847
0.467693
-0.0474618
-0.0356451
0.0105319
0.529261
-0.0485057
-0.0364322
0.0118581
-0.0495879
-0.0372476
0.0132021
0.695483
-0.806033
-0.819993
-0.831765
-0.816001
0.697003
0.72391
0.194677
0.181482
0.206963
0.221967
0.157005
0.168501
-0.0507211
-0.0381024
0.0145676
-0.044089
-0.0360606
-0.0420727
-0.0368108
-0.0304127
0.641304
0.639322
0.606592
0.608288
0.670805
0.672985
-0.0513135
-0.0424839
-0.0518995
-0.0389913
0.0159736
0.163732
0.131055
0.196333
-0.0531277
-0.0399182
0.0174182
0.764942
0.754866
0.773271
-0.0544034
-0.0408813
0.0189564
0.487455
0.493472
-0.12469
-0.10977
0.523518
0.529755
-0.0557278
-0.0418816
0.0205867
-0.0570993
-0.042918
0.0223775
0.63469
0.605926
0.649168
0.619387
0.61485
0.587389
0.662212
0.677685
0.641082
-0.0585173
-0.0439899
0.024233
-0.015575
-0.0139722
-0.0599793
-0.0450957
0.0264211
-0.341757
-0.308964
-0.276937
-0.312093
-0.330269
-0.361369
-0.79933
-0.787363
-0.805864
-0.0614829
-0.0462335
0.0282626
-0.274201
-0.234911
-0.225198
-0.264167
-0.284076
-0.244423
0.41359
0.445444
0.432744
0.465098
-0.272734
-0.237428
0.21361
0.177731
-0.0630246
-0.0474007
0.0306129
-0.34663
-0.380772
0.205175
0.25401
0.2607
0.160247
-0.312272
-0.0646
-0.0485941
0.0299116
0.317335
-0.525056
0.352466
0.367615
0.430466
0.304949
-0.0662039
-0.0498098
0.0259179
0.0348725
0.360259
0.422805
0.298293
0.0698355
0.802824
0.786309
0.809981
0.794502
0.795763
0.778122
0.812811
0.806792
-0.0678299
-0.051043
-0.0282122
-0.0694707
-0.0522883
-0.0620075
-0.0711177
-0.0535392
-0.0120675
-0.0727612
-0.0547884
0.0272321
-0.838955
-0.8412
-0.58095
-0.542594
-0.57535
-0.536694
-0.586839
-0.549096
-0.61834
-0.613228
-0.623733
-0.0743903
-0.0560277
0.0600577
-0.0759926
-0.0572478
0.178124
-0.743057
-0.743564
-0.248951
-0.249804
-0.284678
-0.285809
-0.077555
-0.0584387
-0.807535
-0.79799
-0.830867
-0.775614
-0.765691
-0.767202
-0.789944
-0.775757
-0.798687
-0.754299
-0.776534
-0.816796
-0.839372
-0.785545
-0.742674
-0.750958
-0.730339
-0.0790628
-0.0595893
-0.177751
-0.0596478
0.620019
0.63161
0.56596
0.576849
-0.0805006
-0.060688
-0.0273037
-0.766685
-0.819713
-0.7732
-0.825519
-0.759367
-0.81305
-0.0818519
-0.0617221
0.0118386
-0.0830994
-0.0626787
0.0614585
-0.391199
-0.0842253
-0.0635441
0.0278644
0.797022
0.776586
0.810878
0.789994
0.777163
0.757513
0.815619
0.829865
0.795017
-0.0852119
-0.0643048
-0.0259817
-0.391884
-0.384727
-0.17625
-0.21155
-0.399523
-0.140967
0.416956
0.478757
0.412867
0.47426
-0.086041
-0.0649471
-0.029981
0.357593
0.29476
-0.0866946
-0.0654569
-0.0306657
0.319573
0.356164
0.427799
0.4577
0.419478
0.424908
0.4586
-0.497838
-0.0871534
-0.0658195
-0.0283061
-0.0874036
-0.0660246
-0.0264564
0.713844
0.723805
0.703603
-0.0874313
-0.0660617
-0.0242601
0.598717
-0.349061
-0.39402
-0.358366
-0.339399
-0.384985
0.629246
0.639796
-0.892829
0.618821
-0.0223988
-0.892551
-0.0206051
-0.0189726
0.719427
0.721575
0.748101
0.688367
-0.0174327
-0.0159877
-0.789353
0.293677
0.253814
0.263879
0.303997
0.243856
0.283634
-0.0145816
-0.0302256
-0.0251567
-0.770752
-0.748128
-0.771002
-0.74717
-0.770407
-0.748971
-0.0344154
-0.0132156
0.654522
0.618885
-0.0118707
-0.916537
-0.920602
-0.0105438
0.110441
0.133398
0.0879333
-0.00922158
-0.00789945
0.104901
0.103737
0.105787
0.0704416
0.140117
0.138608
0.141256
-0.00657409
-3.29E-05
-0.0354848
0.0354195
-0.433515
-0.426592
-0.472195
-0.465445
-0.394833
-0.387902
-0.00524461
-0.00390867
0.824311
0.825107
0.804883
0.81973
-0.00256678
0.843034
0.843181
0.838757
0.667136
0.73341
0.657392
0.67652
0.742578
-0.00121908
-0.511795
-0.523798
-0.450875
-0.464415
-0.879365
-0.871822
-0.882187
-0.888729
0.767254
0.742727
0.000137941
-0.501041
-0.439498
-0.886612
-0.894992
0.00150221
0.00286407
0.00422609
0.729861
0.790297
0.727854
0.789249
0.730572
0.789965
0.00559106
0.0069576
0.00832312
-0.337732
-0.363687
-0.39784
-0.421133
-0.276726
-0.305118
-0.314179
-0.376022
-0.251851
0.00968549
0.0110424
-0.105856
-0.104973
-0.14132
-0.140185
-0.013198
-0.0107237
-0.00544989
-0.00669591
-0.01941
-0.0157274
0.0123959
0.194582
0.222288
0.0134912
0.174112
0.138266
0.183926
0.147739
0.128748
0.164419
0.1451
0.18733
0.165119
0.0148332
-0.819853
-0.820097
0.0161733
0.0175024
0.0188218
0.635332
0.603035
0.666444
0.0201339
0.667163
0.697787
0.634091
0.0214379
-0.590462
-0.640341
0.0227448
0.0240502
0.0253872
-0.628711
-0.630981
-0.587419
-0.590917
-0.66967
-0.667805
0.0103495
0.002492
0.0448135
-0.0155487
-0.0331916
0.80083
0.788882
0.81129
0.806337
0.0267417
-0.130591
-0.116718
-0.103141
-0.085656
-0.0940305
-0.0769907
-0.092685
0.0282069
0.490754
0.488402
0.451343
-0.912934
-0.904307
-0.910612
-0.919257
-0.896389
-0.905034
0.0296973
-0.92085
-0.925471
-0.92008
-0.915945
-0.924094
-0.599639
-0.646896
-0.611109
-0.658433
-0.588109
-0.636044
0.0314419
0.4862
0.478995
0.49239
0.0331786
0.445482
0.437592
0.0356536
-0.407366
-0.457425
-0.358424
-0.349865
0.796413
0.799181
0.785646
0.787258
0.801791
0.805671
-0.843121
-0.415413
-0.464644
-0.367187
-0.301251
-0.356603
-0.176939
-0.175586
-0.212737
-0.211213
0.920046
0.925446
0.920833
0.915918
0.92303
0.928783
-0.0499001
-0.0526097
-0.293764
-0.0541167
-0.0555353
0.856149
0.852278
0.329657
0.333327
0.360819
0.365529
0.296816
0.301031
-0.0566766
-0.77055
-0.740874
-0.739682
-0.770197
-0.770898
-0.742262
-0.795182
0.910671
0.908294
0.558816
0.57605
0.535445
0.507512
-0.0578821
-0.391966
-0.367668
0.562387
-0.590136
-0.059046
-0.588993
-0.578722
-0.644708
-0.633624
-0.525954
-0.516819
-0.0602944
-0.598852
-0.654876
-0.535326
-0.0615729
-0.372144
-0.400398
-0.0629209
-0.528057
-0.440522
-0.401855
-0.479088
-0.0643191
-0.0657817
0.354804
-0.0673023
0.351521
0.0465213
0.049375
0.0570982
0.0620695
0.0370777
0.0383033
0.693841
0.731802
0.730638
0.692079
0.732922
0.0421688
0.0509372
0.0342127
-0.0688861
0.656061
-0.678131
-0.688942
-0.715285
-0.724893
-0.196511
-0.187447
-0.246851
-0.282133
-0.0705307
-0.0722371
-0.0740033
-0.814948
-0.843989
-0.805255
-0.835062
0.770686
0.788793
0.770343
-0.0758283
0.748947
-0.0777089
-0.0796419
-0.106659
-0.14205
-0.106434
-0.106454
-0.0710766
-0.0709126
-0.0709534
-0.0816225
-0.0836451
0.196157
0.160392
0.169222
0.205718
0.151409
0.186462
0.691482
-0.0857028
0.0895315
-0.0877873
0.816003
0.797947
0.805864
0.80303
0.822372
-0.089889
0.831799
0.839457
-0.899758
-0.919171
-0.901984
-0.920776
-0.896483
-0.70175
-0.693977
-0.708805
-0.0919969
-0.0940982
-0.096179
0.397025
0.39005
-0.140638
-0.135608
-0.0982233
-0.430075
-0.492005
-0.146595
-0.422514
-0.484498
-0.359993
-0.100214
0.848759
0.830221
0.865963
0.315627
0.377466
0.253336
0.232257
-0.897866
-0.903631
-0.877731
-0.87483
-0.851258
-0.853229
-0.894898
-0.891296
-0.102133
-0.305377
-0.295535
0.781401
0.75751
0.777324
0.754269
0.782509
0.758029
-0.315159
-0.103959
-0.105672
-0.853655
-0.854252
-0.86022
-0.859468
-0.848826
-0.10725
-0.543732
-0.539699
-0.600116
-0.548251
-0.10867
0.147442
-0.109909
0.587347
0.581822
0.593114
0.549926
0.543506
0.556154
-0.110944
-0.111753
-0.112311
0.610745
-0.930698
-0.930579
-0.921279
-0.929694
-0.920601
-0.112601
0.0288281
0.0288636
0.486469
-0.556962
-0.546019
0.027089
0.455568
0.448298
0.417083
0.409718
0.486886
0.494166
-0.112603
0.20339
0.238368
0.215183
-0.1123
-0.866379
-0.861357
-0.892246
-0.870426
0.224943
-0.111681
-0.736057
-0.75746
-0.712978
0.714078
0.697016
0.750027
0.731502
0.667569
0.65229
-0.110735
0.729426
0.766792
0.681196
-0.471335
-0.47382
-4.73E-05
-5.41E-05
-0.109453
-0.10783
-0.622182
-0.613423
-0.586888
-0.59164
-0.625395
-0.590574
0.13286
0.119352
0.138066
0.100816
0.4736
0.476833
0.0909437
-0.105866
0.480773
0.425659
-0.103565
-0.623663
-0.658939
-0.100935
-0.536393
-0.0979849
-0.0947289
-0.569874
-0.608444
-0.530881
-0.0911831
-0.0873657
-0.0832969
-0.634138
-0.671933
-0.0789979
0.589877
0.599132
0.580348
-0.0744905
-0.0697967
0.0363132
-0.0649381
-0.0374049
-0.569124
-0.616536
-0.620292
-0.574311
-0.563603
-0.612267
-0.770238
-0.815843
-0.851424
-0.770109
-0.760184
-0.824838
-0.859671
-0.779692
-0.0599358
-0.177786
-0.213658
-0.0548094
-0.416815
-0.478593
-0.354723
0.655967
0.657645
-0.0495779
-0.351492
0.924076
0.919247
0.653113
-0.0442573
0.10596
0.0970694
-0.0246313
-0.0123998
-0.0366615
-0.0388645
-0.0334105
-0.894188
-0.888226
-0.880612
-0.0279083
-0.248432
-0.254401
-0.819685
-0.838718
-0.81083
-0.829821
-0.0223644
0.485921
-0.773246
-0.718824
-0.779868
-0.724086
-0.711927
-0.764909
-0.0167906
-0.0112054
0.104863
0.162766
0.146788
0.203385
0.0710435
0.127377
-0.00560892
-0.130897
-0.11312
-0.157051
0.193874
0.203864
0.233336
0.243373
0.167061
0.157394
-0.0860694
-0.049105
-0.0571673
-0.11046
-0.0566273
-0.0750983
-0.0562897
-0.507941
-0.514263
0.213938
0.253525
0.176821
-0.101568
-0.0656717
-5.41E-06
0.40066
-0.872794
-0.836982
-0.838327
-0.87501
-0.83413
-0.869062
0.0055982
-0.904419
-0.901508
-0.882665
-0.885012
-0.916413
-0.898572
-0.915373
0.011195
-0.906911
-0.886998
-0.919447
-0.692729
-0.681629
0.142347
0.110417
0.118516
0.102242
0.133169
-0.703669
0.0167808
0.0199305
-0.000113299
0.0457313
0.0498465
0.0223553
-0.782422
-0.795206
-0.789218
-0.801114
-0.775777
-0.789412
-0.763115
-0.770912
-0.755741
0.0279002
0.0334035
0.0388589
0.793657
0.797965
0.044253
0.783995
0.0495751
0.228829
0.237313
0.261183
0.270986
-0.0630251
-0.0549958
-0.0932239
-0.0849138
-0.0382539
-0.0307691
-0.0712491
-0.101848
-0.0459001
0.0548082
-0.372758
-0.344047
0.0599361
0.06494
-0.647064
0.0698
0.0744952
0.317896
0.354409
0.281352
0.079004
0.318289
0.357222
0.310701
0.349835
0.325777
0.364269
0.0833042
0.087374
0.802986
-0.325276
-0.368174
-0.29413
-0.283826
-0.875225
-0.873406
-0.903068
-0.836833
-0.834176
0.0911922
0.856555
-0.776674
-0.766398
-0.875791
-0.902923
-0.838248
0.0947387
0.0979952
-0.898363
-0.880228
-0.297714
-0.66812
-0.705836
0.100945
0.702949
0.103576
-0.846047
-0.485515
-0.853782
0.105877
-0.0673439
-0.0631893
-0.0853372
-0.0777806
-0.0512841
-0.0500664
-0.0705302
-0.0928705
-0.0504804
0.10784
0.21521
0.201911
0.109462
0.0393771
0.0163352
0.0233996
0.0468336
0.00954407
0.0323149
0.110743
-0.862564
-0.859373
-0.869395
-0.874092
-0.520747
-0.472052
0.271125
0.279106
-0.527282
-0.479479
0.111688
0.318515
0.371331
0.268021
0.286236
-0.891491
0.112306
-0.893511
-0.900939
0.112607
0.892531
0.892768
0.892439
-0.205361
0.112603
-0.101403
-0.0734427
0.112312
0.390667
0.111752
0.666296
0.676106
0.704738
0.713623
0.622647
0.633035
-0.247965
-0.288617
-0.298293
-0.331906
-0.195643
-0.244207
0.110941
-0.413602
-0.203617
-0.259334
-0.146775
0.109904
0.126564
0.568914
0.575176
0.610225
0.604724
0.538734
0.531821
0.108663
0.076526
0.112055
0.0690483
0.104844
0.0844673
0.119836
0.134445
0.107241
-0.526825
-0.510973
-0.494608
0.105661
-0.584315
0.525087
0.103946
-0.213793
-0.18019
-0.243936
0.450408
0.460802
0.50877
0.518998
0.389029
0.398838
0.102117
0.100196
0.0982027
0
0.278838
0.30938
0.313697
0.342239
0.239284
0.27292
0.0961561
0
0.265771
0.310823
0.27555
0.320204
0.0940732
0.0919695
0.0898594
-0.830373
0.0877554
-0.169729
-0.173742
-0.135832
-0.139003
-0.203576
-0.208462
0.0856685
0.243723
0.0836086
-0.322087
-0.358424
-0.357786
-0.321283
-0.321868
-0.357939
-0.285822
-0.284918
0.186506
0.156715
0.246563
0.217021
0.0989115
0.0815837
0.817214
0.132515
0.191819
0.0771396
0.0796008
0.0776655
-0.735255
-0.724912
-0.686509
-0.675995
-0.00426975
-3.92E-05
0.0757826
-0.745645
-0.69711
-0.511478
-0.501859
-0.585162
-0.57487
-0.430164
-0.421571
-0.521235
-0.595557
-0.438919
0.0739553
-0.155359
-0.186222
-0.163778
-0.196374
-0.143857
-0.172387
-0.124396
-0.131105
-0.115214
0.0721866
-0.624775
0.0704778
0.927506
-0.0884495
-0.0616869
-0.0537228
-0.0798228
-0.0696633
-0.0973832
-0.448294
-0.374305
-0.367218
-0.44018
-0.381622
-0.456654
0.0688306
0.671695
0.640172
0.636933
0.668037
0.641541
0.673255
-0.0449152
-0.0163588
-0.0478318
-0.0264596
-0.0455938
-0.00654879
0.067244
0.701289
0.703255
0.46276
0.424161
0.0657202
0.0642542
0.0628522
0.321259
-0.155297
-0.2153
-0.131419
-0.190618
-0.185212
-0.245364
0.35777
0.0615002
0.0602177
0.0589667
0.0577991
0.0565909
0.0554488
0.054037
0.0525406
0.0498707
-0.0459292
-0.0428835
-0.0406569
-0.863736
-0.665918
-0.688314
-0.641033
-0.662163
-0.689341
-0.0384257
0.440812
0.498911
-0.14002
0.576215
-0.0365044
0.537793
0.11497
-0.0346315
-0.00839064
-0.0122773
0.596132
0.591818
-0.552103
-0.541022
-0.475419
-0.0328906
-0.595344
-0.524247
-0.53515
-0.608554
-0.51194
-0.580607
-0.0311753
-0.557464
-0.557775
-0.771156
-0.771213
-0.791745
-0.793051
-0.746099
-0.744918
-0.0294968
-0.121558
-0.108752
0.0121895
0.0156879
0.0156224
0.0201794
0.00894861
0.0114891
-0.0278169
0.0896385
0.008308
0.0106243
0.00610801
0.79492
0.782084
0.801405
-0.0261389
0.08446
0.135549
0.0801726
0.130613
0.0895807
0.140206
0.07604
0.125632
0.0723517
0.121037
-0.02445
0.620542
-0.789975
-0.790317
0.0688188
0.116142
-0.78817
0.065458
0.111217
0.0621539
0.106035
-0.0227514
0.847609
0.860958
0.839131
0.853422
0.85581
0.868165
0.0588951
0.100898
0.055639
0.0957536
0.0523802
0.0905904
-0.0210399
0.0491028
0.0853968
0.0458057
0.0801681
0.0424827
0.0748997
-0.0193144
0.0391457
0.0695951
0.0361952
0.0644756
0.0331284
0.0593861
-0.0175894
0.0297435
0.0541424
0.216921
0.186184
0.0263691
0.0488309
0.247488
0.0229822
0.0434846
-0.0161839
-0.197732
-0.246062
-0.283069
-0.141502
0.0195888
0.0381246
0.0161951
0.0327657
-0.0144389
0.109767
0.140082
0.19355
0.0782992
0.0555812
0.0128074
0.027419
0.00943616
0.0220981
0.00606646
0.0167944
-0.0126919
0.00268882
0.0115147
-0.000659543
0.00631033
-0.00396619
0.00118879
-0.0109377
-0.00725054
-0.00392767
-0.0105183
-0.00895681
-0.0137576
-0.0138803
-0.0091795
0.0740995
0.0810069
-0.0169655
-0.0187027
0.0878675
-0.0201401
-0.0234377
-0.0232786
-0.0280179
-0.00742001
0.13473
-0.0263912
-0.0324764
-0.0295
-0.0367697
-0.00566246
-0.323601
-0.293284
-0.332963
-0.314431
-0.0325958
-0.040871
-0.0356922
-0.0447193
-0.0387459
-0.048157
-0.00390908
-0.877175
-0.0417906
-0.0511379
-0.884572
-0.0447152
-0.0533331
0.000897995
-0.0216105
-0.0475209
-0.0541669
-0.00215625
-0.0345102
-0.0497524
-0.0528079
-0.0506033
-0.0475203
0.00266624
0.0129144
0.0124358
0.021502
-0.0118574
0.000499001
-0.0484113
-0.0351269
-0.000400121
0.0374466
-0.0397098
-0.0115599
-0.0122261
0.0307726
0.0404714
0.0931119
0.00134698
-0.0477392
0.125063
0.164641
0.132061
0.193357
0.0832796
0.161488
0.00308049
0.0048043
0.403116
0.412085
0.440144
0.394006
0.000730039
-0.01719
-6.69E-05
-6.64E-05
0.0065208
0.0812462
0.0803361
0.0082295
0.0837796
0.165515
0.188599
0.0694962
0.111484
0.247135
0.216241
0.00921156
-0.0390016
0.00993092
0.0217101
0.021081
0.0155323
0.0147104
0.0207379
0.0150213
-0.133336
-0.0873687
-0.195194
-0.163755
0.011626
0.638779
0.559273
0.552689
0.630307
0.564427
0.645667
0.0133185
0.0827494
0.0760413
0.0150133
0.016727
0.899695
0.901932
0.0184641
0.020245
-0.769968
-0.749698
-0.477095
-0.481027
0.022069
0.0239941
0.657138
0.612823
0.0260169
0.695889
-0.541032
-0.456803
-0.447808
-0.531099
-0.465866
-0.550989
0.0281945
0.223356
0.030437
0.054588
0.245812
0.204529
0.210731
0.252937
0.19783
0.238874
-0.0182165
0.0381801
0.0328891
0.0348454
7.74E-05
-0.0060059
-0.124229
-0.069309
-0.198716
-0.164636
0.00637141
0.0366835
-0.550041
-0.5444
-0.234631
-0.246644
0.0333342
-0.218169
-0.169862
-0.0376167
-0.0386365
-0.0266209
-0.0290651
-0.0337023
-0.0207438
0.0209664
0.345056
0.581102
0.615417
0.545284
-0.0458368
-0.0800019
-0.0162519
0.41959
0.479721
0.437793
0.4957
0.0381125
-0.867438
-0.833376
0.0857484
-0.874655
-0.841379
0.124053
0.20777
0.501196
-0.20729
-0.085186
-0.714028
-0.749976
-0.696964
-0.731449
-0.729379
-0.766744
-0.038229
0.588215
0.553104
0.529281
-0.467342
-0.430922
-0.503472
0.612826
0.575724
0.816264
0.0159459
0.809538
0.813383
-0.301999
-0.341307
-0.309409
-0.348887
0.079243
0.214474
0.165565
0.379695
0.0454168
-0.021071
0.249765
0.213833
0.661147
0.671866
0.718166
0.72881
0.605781
0.595306
-0.033429
-0.302571
-0.334618
-0.165948
-0.1256
-0.0367551
0.312249
0.490401
0.431851
0.544739
0.553703
0.346614
-0.64009
-0.629558
-0.650718
-0.707762
-0.22375
-0.213955
-0.266166
-0.256586
-0.184318
-0.174518
-0.0943569
-0.0408007
-0.0349032
-0.233677
-0.275882
-0.194213
-0.0319841
0.0119939
-0.0329363
0.171471
0.0112048
0.0395245
-0.0304731
-0.301413
-0.389171
-0.30764
-0.295395
-0.455828
0.155698
-0.436506
0.278385
0.306493
0.0350639
0.048283
-0.0282227
0.407047
0.457138
0.399202
0.450122
-0.097776
-0.126328
0.047388
0.0505015
-0.026041
-0.0760237
0.548646
0.55463
0.638411
0.64424
0.445479
0.451166
-0.146146
0.541999
0.631782
0.439284
0.052692
0.0496717
-0.0240152
-0.15539
-0.28958
0.0540764
0.047461
-0.0220881
-0.0395187
-0.0327075
0.0532458
0.044665
-0.0202635
-0.0463786
0.372283
0.432655
0.534777
0.0510699
0.0417493
-0.0184823
0.33231
0.371149
0.293045
0.0480959
0.0387071
-0.0167444
-0.782371
-0.780676
-0.76819
-0.768838
-0.788271
-0.790991
0.0446521
0.0356532
-0.0150297
-0.49349
-0.500926
-0.462454
-0.455105
-0.538506
-0.531598
0.0407692
0.0325574
-0.013334
-0.140197
-0.0930223
-0.189466
-0.16803
0.0366655
0.0294644
-0.0116414
0.703275
0.70574
0.730246
0.728803
0.678141
0.674696
0.0323638
0.0263563
-0.00994604
-0.597166
-0.628857
-0.63529
-0.602998
-0.58845
-0.619346
-0.283968
-0.360364
0.0279133
0.0232462
-0.00824451
-0.564492
-0.5697
-0.55658
0.825746
0.834842
-0.00653603
0.816542
0.0233215
0.0201087
0.0186061
0.0169356
-0.00481848
0.0137805
0.0137276
-0.00309273
-0.0781418
-0.0882865
0.00884734
0.0104881
-0.00135833
-0.16687
-0.159771
-0.187143
-0.19076
0.00383214
0.007223
-0.729051
-0.718424
-0.672108
-0.661405
0.000389088
-0.739592
-0.682777
-0.244533
-0.237643
-0.284709
-0.277528
-0.203163
-0.196793
-0.645639
-0.650974
-0.564403
-0.568161
-0.00123097
0.00394214
0.00214585
-0.714023
-0.703797
-0.64754
-0.637317
-0.723969
-0.657553
-0.00634828
0.000636717
0.904563
0.90888
-0.636061
-0.657909
0.00389974
-0.612779
-0.311018
-0.30446
-0.344911
-0.351582
-0.269453
-0.263543
-0.0115495
-0.00271029
0.434489
0.472982
0.00565439
-0.0168263
-0.00608653
0.770971
0.770756
0.771103
0.00741342
-0.219413
0.741199
-0.0221259
-0.0094539
0.00917469
-6.71E-05
-0.158758
-0.121888
-0.114994
-0.15068
-0.128556
-0.166737
-0.0274421
-0.0128226
0.0109348
0.507612
0.486214
-0.0327836
-0.0162075
-0.304791
-0.338855
-0.350821
-0.315843
0.527841
-0.436935
-0.445364
0.012691
-0.427282
-0.0381368
-0.0195978
0.0144402
-0.106303
-0.0777774
-0.0858906
-0.115298
-0.786955
-0.783435
-0.0434909
-0.0229874
-0.789281
-0.104684
-0.0613096
0.0161878
0.111473
0.0941244
0.116008
0.152453
-0.0488308
-0.0263704
0.0677847
0.0828812
0.0175959
0.305514
0.293605
0.281861
0.316343
-0.054135
-0.0297405
0.0193238
0.358588
0.367974
-0.0593715
-0.0331206
0.0210525
-0.0644521
-0.0361822
0.0227676
-0.0695642
-0.0391273
-0.23813
-0.248969
-0.22843
-0.654788
0.02447
-0.0748588
-0.0424583
-0.27067
-0.281637
0.0261628
0.00535409
0.0065866
0.0130851
0.00419027
-0.0801176
-0.0457745
-0.16082
0.0278455
-0.0853345
-0.0490647
-0.25346
0.0197842
0.0295307
0.0312152
-0.0905163
-0.0523343
-0.0956642
-0.0555841
0.0329369
-0.100794
-0.0588299
0.0301912
0.0564151
0.00562839
-0.149103
-0.208427
-0.0865723
0.0346833
0.103473
0.0725352
0.0533559
0.042892
0.0802474
0.12455
-0.105913
-0.0620774
0.0365611
-0.291054
-0.257878
-0.124205
-0.0940312
-0.102239
-0.133289
-0.110738
-0.06537
0.0433842
0.120753
0.0384853
-0.22542
0.377643
0.431168
0.0686534
0.0604279
-0.115894
-0.0687203
-0.154046
-0.17935
-0.200767
-0.128587
-0.0289607
0.0407179
-0.120646
-0.0722428
-0.0472055
-0.0235428
0.0429451
0.215277
0.248459
0.182993
-0.125269
-0.0759233
0.52556
0.534948
0.588059
0.598466
0.456281
0.4649
0.0939092
0.134426
0.0459879
0.44785
0.373898
0.381283
0.438969
0.366787
-0.129957
-0.0800496
0.445395
0.410065
-0.319694
-0.00249159
-0.0165339
-0.13501
-0.0843303
0.00661348
-0.0641102
-0.067191
-0.825119
-0.831278
-0.837251
-0.825211
-0.817783
-0.13987
-0.0894485
0.340065
0.327184
0.351341
0.37587
0.366898
0.38498
-0.0690089
-0.373819
-0.360962
-0.38619
0.472563
0.483349
0.530737
0.542671
0.409215
0.419424
-0.0707502
0.739367
0.682552
0.69315
0.749782
-0.0721947
0.0809608
0.463228
0.458525
0.0704992
0.466707
-0.0737152
0.480007
-0.0752004
-0.723572
-0.721565
-0.694748
-0.691613
-0.784824
-0.829695
-0.421772
-0.457314
-0.409279
-0.444851
-0.433059
-0.468514
0.348944
0.339322
-0.688444
-0.680278
-0.713925
-0.721402
-0.641079
-0.649504
-0.0767819
0.88411
0.870914
0.874409
0.887172
0.875349
0.862081
-0.0784055
0.386914
0.361322
0.397344
0.374837
0.895464
0.898093
0.886774
-0.021562
-0.0186212
-0.00940953
-0.0108743
-0.0275553
-0.0320044
-0.703213
-0.705676
-0.678041
-0.674599
-0.730219
-0.728778
-0.785751
-0.0801125
-0.081884
-0.0837347
0.112613
-0.0856586
0.192047
0.0842831
0.0578413
-0.0876609
-0.089739
0.0379435
0.912932
0.914817
-0.364341
-0.356696
-0.372084
-0.0918937
-0.053806
-0.142587
-0.108236
-0.101237
-0.134394
-0.0941228
0.396156
0.431229
-0.0964243
-0.395967
-0.0987945
0.358088
0.349512
-0.396981
-0.101229
0.396093
-0.192857
0.855812
0.859719
-0.103721
-0.364029
-0.372534
-0.106264
0.00488844
-0.0105538
0.0239176
0.161163
0.15506
0.167017
-0.108849
0.280384
0.541086
0.482839
0.404674
0.412904
0.492123
0.396658
0.473766
-0.667521
-0.681151
-0.111466
-0.65224
-0.114101
-0.325609
-0.116741
-0.34991
-0.262108
0.172351
0.154014
0.128551
0.143817
0.179323
0.200737
-0.11937
-0.270119
-0.175352
-0.105686
-0.102243
-0.168458
-0.181442
-0.108056
-0.12197
-0.179228
-0.138396
-0.230535
-0.191716
-0.115898
-0.0772555
-0.186164
-0.110518
-0.124521
0.11392
0.100217
-0.341798
-0.334587
-0.191041
-0.112724
-0.127001
-0.504167
-0.514524
-0.478999
-0.492721
-0.195749
-0.115041
-0.129387
-0.0777512
-0.10432
-0.0483923
-0.199614
-0.117359
-0.131654
-0.564714
-0.203633
-0.119794
-0.133775
-0.148109
-0.138564
-0.157717
-0.207791
-0.122304
-0.135722
-0.218272
0.189867
-0.212112
-0.124928
-0.137469
0.0709807
0.0458637
0.0536013
0.0795426
0.0381937
0.0626986
-0.216594
-0.127653
-0.138985
0.616277
1.34E-15
0
0.893367
1.35E-15
0
0.325737
-0.221245
-0.130491
-0.140242
-0.442703
0.930654
0.929659
0.143979
0.0906716
0.930525
0.135793
0.0845736
0.0463483
0.0532522
0.0695477
0.0776758
-0.226065
-0.13344
-0.141213
0.0601994
0.0858728
0.687636
0.679788
0.640146
0.648227
0.713503
0.720965
-0.231054
-0.136502
-0.141867
-0.361201
-0.105706
0.481064
0.422609
-0.236211
-0.139677
-0.142182
0.775329
0.806933
0.765025
0.797148
0.785271
0.535793
-0.0369322
-0.0327422
-0.0216867
-0.0181391
-0.24153
-0.142963
-0.142134
-0.298807
-0.264236
-0.0280446
-0.0137353
-0.247005
-0.146356
-0.141704
-0.230085
0.361439
0.87453
0.841249
0.848651
0.881135
0.833232
0.8673
0.53944
0.550056
0.527238
-0.592965
-0.555544
0.00819442
-0.0241905
-0.0251393
0.00436819
-0.0205211
0.0157991
-0.628942
-0.252627
-0.149854
-0.140878
-0.196236
-0.258383
-0.153449
-0.13964
-0.162755
-0.347049
-0.264259
-0.157134
-0.137981
0.32373
0.328902
0.313122
0.318268
-0.270237
-0.160899
-0.135896
-0.447703
-0.409006
0.588485
-0.486239
-0.276295
-0.164732
-0.133385
0.572073
0.559623
-0.498826
-0.529233
-0.513484
-0.54517
-0.478689
-0.507485
-0.282409
-0.168619
-0.130454
0.157719
0.162118
0.195312
-0.467679
-0.481084
-0.449126
-0.538634
-0.52686
-0.549205
-0.12711
-0.492623
-0.522741
-0.778707
-0.767368
-0.288548
-0.172544
-0.294679
-0.176486
-0.50798
-0.469889
-0.785173
-0.123368
-0.545054
-2.00E-05
-0.0218633
-2.32E-05
-0.0258196
-1.57E-05
-0.0168514
0.0218237
0.0257735
0.0168203
-0.300767
-0.180423
-0.479554
-0.119245
0.0105614
-0.306768
-0.184332
0.465467
-0.114761
-0.312638
-0.188184
-0.430953
-0.109938
0.369764
0.406314
0.708276
0.731707
0.681686
-0.318327
-0.191948
-0.104803
-0.323782
-0.195592
-0.0993811
-0.598889
-0.562268
-0.328947
-0.199081
-0.633967
-0.0937001
-0.333762
-0.202376
-0.0877874
0.0477472
0.346721
0.105962
0.515814
0.505474
-0.338166
-0.205438
0.381028
0.429174
0.494475
0.358711
-0.0816696
-0.0480724
0.325569
-0.559244
-0.638745
-0.342095
-0.208226
0.339038
0.378149
0.345771
0.38537
-0.0753732
-0.261994
-0.270401
-0.345486
-0.210698
-0.0689223
-0.348274
-0.212812
-0.0623406
-0.0517728
-0.350398
-0.214526
-0.0556482
-0.31761
-0.275403
-0.351797
-0.2158
-0.0488657
-0.352416
-0.216593
-0.0420071
-0.352201
-0.216868
-0.0350891
-0.351108
-0.216589
0.415481
-0.0281185
-0.00756382
-0.00590509
-0.0115623
-0.00901625
-0.00389758
-0.00304376
0.370783
0.307311
0.315256
0.36097
0.29704
-0.00891851
-0.0136609
-0.00459405
-0.349103
-0.215738
-0.381313
0.231262
0.190514
0.182719
0.222865
-0.0211091
-0.0532778
-0.060214
-0.346154
-0.214294
-0.0140879
-0.380399
-0.342239
-0.212232
-0.00705254
-0.337345
-0.209539
-6.77E-06
-0.331472
-0.206213
0.00703914
-0.823605
-0.856742
-0.0937671
-0.13416
-0.101246
-0.153412
-0.324628
-0.202255
-0.710914
0.0140749
-0.635351
-0.678235
-0.316831
-0.197673
0.0210968
-0.308107
-0.192484
0.0281071
-0.298492
-0.186706
0.342063
0.350627
-0.0570505
-0.03153
-0.037273
0.0350789
0.332843
-0.042017
-0.0396379
-0.0815023
-0.0805461
-0.0100278
-0.006446
0.0419984
-0.0457286
-0.0840651
-0.0145455
-0.288031
-0.180368
-0.276771
-0.173498
0.0488586
-0.104571
-0.0934423
-0.264767
-0.166133
0.535595
0.500798
0.502899
0.538186
-0.0158297
-0.0080152
0.569731
0.572814
-0.0233511
0.0556428
-0.252078
-0.158309
0.686407
0.723256
0.644022
-0.130331
-0.151695
-0.108817
0.587169
0.620742
0.062337
-0.0742279
-0.0997
-0.311195
-0.302041
0.551979
-0.238764
-0.150065
-0.320517
-0.174705
-0.135344
-0.141944
-0.182639
0.910607
0.904311
0.0689206
-0.125718
0.91536
-0.067149
0.295051
0.301125
-0.224887
-0.141442
-0.334444
0.114892
0.178627
-0.0740973
0.289202
0.626744
-0.0157828
-0.0187241
0.0753734
-0.210507
-0.132481
0.0816719
-0.195683
-0.123219
-0.0318912
-0.0193429
-0.0128232
0.0877914
-0.729901
-0.730583
-0.180474
-0.113696
-0.727758
0.78227
0.780579
0.78813
0.790846
0.768136
0.768781
0.093706
0.333695
-0.164931
-0.103948
-0.725446
-0.697732
0.0993886
-0.149107
-0.0940078
0.846932
-0.796561
0.104812
-0.133044
-0.0839059
0.7941
0.791683
0.796552
0.093311
0.0622231
0.0983233
0.0655567
0.0864384
0.0576473
0.109948
0.124349
0.11517
-0.116784
-0.0736718
0.114772
-0.30487
-0.100364
-0.063327
-0.0838178
-0.0528982
0.119257
-0.631861
-0.624538
-0.638478
-0.715045
0.391187
0.329118
0.31147
0.369893
0.346007
0.411642
-0.0671569
-0.0423867
0.123381
-0.234459
-0.199993
0.284546
0.253866
0.229298
0.256884
0.278078
0.311854
-0.0504151
-0.0318134
0.127123
-0.165675
0.602825
-0.671943
-0.632174
-0.0336523
-0.0212346
0.130467
-0.332092
0.919108
0.916497
0.920723
-0.0106344
0.133398
-0.0988191
-0.0657832
-0.708209
-0.681584
-1.01E-05
0.135909
-0.731678
0.0106144
0.137993
0.807172
0.80972
0.0336221
0.0212152
0.13965
0.63063
0.0503865
0.031795
0.140886
-0.582463
-0.613835
-0.571583
-0.602398
-0.591694
-0.623902
-0.0436812
-0.0654582
-0.0515954
-0.0773313
0.0671303
0.0423697
0.141711
0.165683
0.199702
-0.346826
-0.393853
-0.313737
-0.366404
0.0837938
0.0528829
0.14214
-0.576712
0.311988
0.305961
0.270737
0.26501
0.352438
0.100343
0.0633138
0.142185
0.0143609
-0.00864782
-0.00307184
0.0196785
0.00973888
0.116767
0.0736609
0.141868
-0.26106
0.230711
-0.534816
-0.523368
0.13303
0.0838976
0.141212
-0.214257
0.149097
0.0940022
0.140238
-0.5135
0.299639
0.320485
0.32734
0.313831
0.164926
0.103945
0.138979
-0.810495
-0.819194
-0.80332
-0.813115
0.180473
0.113696
0.13746
0.558649
-0.786879
0.449925
0.135711
-0.415426
0.195687
0.123222
0.210514
0.132486
0.133761
-0.393958
-0.734923
-0.763913
-0.754848
0.130304
0.108786
-0.699551
0.151672
0.224898
0.141451
0.131637
0.620245
0.608599
0.693142
0.23878
0.150076
0.129367
0.252097
0.158322
-0.0431284
-0.0404676
-0.024131
0.126978
0.76632
0.75767
0.792999
0.796324
0.728543
0.739765
0.330419
0.364219
0.264789
0.166148
0.0504699
0.0435667
-0.345241
-0.273323
-0.26564
-0.336794
-0.278546
-0.353736
0.124495
0
-0.104258
0.0398452
0.276795
0.173515
-0.349174
0.121941
0
0.297648
-0.387729
-0.395555
-0.379892
0.288057
0.180385
0.119339
0.0772887
0.0515506
0.298521
0.186725
0.102965
0.116707
0.765169
0.730298
0.308136
0.192503
-0.0117142
-0.00624807
-0.0119866
-0.0182024
0.00395235
-0.000517549
0.114064
-0.647758
-0.61525
-0.643401
-0.610061
-0.652236
-0.620574
0.31686
0.197693
0.7974
0.805506
0.111426
0.788713
0.324657
0.202274
0.108806
0.331501
0.206231
0.106218
-0.0656124
-0.0622761
-0.0933617
-0.0983767
-0.0311594
-0.032826
-0.355845
0.819621
0.812944
-0.219638
0.337372
0.209557
0.103672
0.398664
0.342263
0.212247
0.101177
-0.365276
0.346176
0.214307
0.0987399
-0.228956
-0.204456
-0.229314
-0.256902
0.349121
0.215749
0.0963668
0.00751445
0.00886479
0.0135811
0.00387175
0.00456594
0.351122
0.216598
-0.33563
-0.0260183
-0.00315862
0.00292277
-0.0199686
-0.00962573
-0.0326329
0.0940623
0.671474
0.631622
0.35221
0.216873
0.797294
-0.273729
-0.263652
0.0259262
0.0192932
0.705549
0.0918301
0.0326663
0.35242
0.216595
0.0896722
0.0356823
-0.463204
-0.466688
0.351796
0.215799
-0.552655
-0.630269
-0.458497
0.0875908
0.236021
0.266144
0.207096
0.350392
0.214521
0.669188
0.655157
0.085585
0.179422
0.12807
0.348262
0.212803
0.0836571
-0.254242
-0.285345
0.136717
0.608201
0.554694
0.596629
0.345467
0.210686
0.081802
0.0327687
0.0339349
0.0678958
-2.89E-05
-3.00E-05
0.0800257
0.798402
0.766218
0.34207
0.20821
0.338134
0.205417
0.0783138
0.333724
0.202351
-0.049325
-0.56872
-0.574979
-0.604564
0.0766853
0.199051
-0.606017
-0.616497
-0.0446782
-0.0444831
0.0751002
0.692087
0.676306
0.195558
0.0736103
0.19191
-0.703358
-0.693101
-0.542073
-0.534862
-0.439349
-0.432729
0.776439
0.766147
-0.548709
-0.445536
0.0720863
0.312572
0.188141
0.0706402
0.750802
0.773495
0.306695
0.184285
0.788338
0.0689062
0.300686
0.180372
0.757377
0.727496
0.783006
0.0670995
0.728594
0.294592
0.17643
-0.0484073
0.72772
-2.57E-05
-0.0288703
0.0288195
0.0640619
0.692569
0.694195
0.288453
0.172483
-0.616604
-0.527161
0.282307
0.168555
0.43117
0.463742
0.449683
-0.0581096
-0.0544517
0.276186
0.164663
-0.0516559
-0.486178
-0.431137
-0.449646
-0.507572
-0.411613
-0.463711
0.270121
0.160825
0.392157
-0.0488625
0.264136
0.157056
-0.314075
-0.396948
-0.0464351
0.747815
0.749921
0.697951
0.700274
0.794548
0.792922
0.258252
0.153366
-0.0440856
0.252488
0.149767
0.746064
0.696184
0.791485
-0.0625084
-0.0561292
-0.0986988
-0.0928737
-0.0694831
-0.105278
-0.0396661
-0.0418866
0.744505
0.694801
0.789977
0.246858
0.146264
-0.00222187
-0.0546778
-0.0397221
0.241374
0.142866
-0.23735
-0.243144
-0.271016
-0.27776
-0.711212
-0.0375992
-0.33062
-0.290919
-0.323779
-0.337795
-0.297677
0.236046
0.139575
-0.0354758
0.741908
0.69457
0.78631
0.230879
0.136395
-0.0333533
0.225878
0.133327
0.741844
0.694858
0.785975
-0.317118
-0.0312173
0.221043
0.130373
-0.0290688
0.21637
0.127527
-0.0269037
0.211857
0.124796
-0.223359
-0.0247218
0.148689
0.142081
0.207486
0.122164
-0.0226477
0.203241
0.119646
0.154948
-0.0207753
0.19906
0.117206
0.0135774
0.0179918
0.00855989
-0.0185664
0.194665
0.11488
-0.0353939
-0.0163591
-0.0186926
0.18984
0.112557
-0.0141428
-0.0468119
-0.0233999
0.184823
0.110346
-0.0119216
-0.0703814
0.179436
0.10789
0.285414
0.295406
-0.362029
-0.377167
-0.345981
-0.00969909
-0.0942003
0.174125
0.105527
-0.727887
-0.653147
-0.649217
-0.724684
-0.65599
-0.729883
-0.358824
-0.00747932
-0.118374
0.167467
0.102124
-0.00526603
0.101085
0.153083
-0.00305436
0.242507
0.196356
0.140574
0.194452
0.244224
-0.000838474
0.0481284
-0.558005
0.0436427
0.0654216
-0.0617119
0.00136573
0.804562
0.00355092
-0.746718
-0.785316
-0.744994
-0.785273
-0.745757
0.00572226
-0.770257
-0.738018
-0.765408
0.778614
0.785036
0.767317
0.00788346
-0.728654
0.0100334
-0.741555
-0.718005
0.790397
0.787047
0.214467
0.193801
0.234798
0.0121713
0.402673
0.441304
0.0142978
-0.704497
-0.705486
0.0241152
0.0445851
0.044402
0.0204907
0.0430363
0.0250257
0.0240194
0.0403797
0.0368481
0.021564
0.0164159
-0.522933
-0.487133
0.0185319
-0.764335
-0.764116
-0.797983
-0.795324
-0.727531
-0.725381
0.0206653
-0.763688
-0.799725
-0.722205
-0.42216
0.0228205
0.204434
0.172854
0.0250176
-0.797449
-0.799085
-0.269452
0.0272549
-0.796008
0.0386038
0.0812889
0.0393697
0.0295871
-0.750011
-0.700522
0.718848
0.650995
0.711957
0.654801
0.724102
0.0320012
-0.230398
-0.189899
-0.222497
0.0345366
-0.744912
-0.746422
-0.790247
-0.0242134
-0.0202921
-0.132069
-0.0272221
-0.0208506
0.0370853
-0.74387
-0.78906
0.751203
0.7508
0.751535
0.0395759
0.0412434
-0.694527
0.318652
0.276408
0.0415901
0.131951
0.0333433
-0.786227
0.643138
0.65446
0.008853
-0.785787
0.750293
0.76939
0.727195
-0.0683024
-0.744222
-0.785807
-0.699116
0.714977
0.720315
-0.0994241
-0.74491
-0.785268
-0.700763
0.708725
-0.0230421
-0.0214086
-0.702818
-0.0176207
-0.871265
0.0508173
-0.704527
0.770288
0.762724
0.114897
-0.0400072
0.231852
-0.821119
-0.705955
-0.231264
-0.114102
-0.800058
-0.760195
-0.0510145
-0.823217
-0.824278
0.544662
0.53519
-0.800465
-0.762413
0.0209492
-0.790476
0.0984002
0.766591
0.0171304
0.0203402
0.0452248
0.0418855
0.75926
-0.045045
-0.0703478
-0.0576968
-0.0864856
0.0678484
-0.0271978
-0.00901783
-0.00321359
-0.00737962
0.00413269
-0.0334704
-0.0416863
-0.172872
-0.193815
-0.0413197
-0.834145
-0.83456
0.101847
-0.0396377
-0.834663
0.608558
0.665258
-0.0371328
-0.0345734
0.0311049
-2.75E-05
-0.0320322
0.01183
0.0174913
0.00593555
-0.029614
-0.826314
-0.0272795
-0.820899
0.00301997
0.00585953
-0.0250416
-0.813565
-0.022844
-0.416262
-0.0206876
0.799964
0.763666
0.800418
0.762001
-0.018553
0.659452
0.688702
0.6289
-0.0164357
-0.0164496
-0.580903
-0.0143174
0.797666
0.754787
0.79608
0.752268
0.798975
0.757483
-0.0121904
-0.0100523
0.690536
0.827356
0.827246
-0.630504
-0.642993
0.584252
-0.00790264
-0.529571
-0.493254
-0.486636
-0.497463
-0.00574008
-0.315746
-0.00356649
0.362059
-0.00138022
-0.346119
0.3772
0.323971
0.000824513
-0.309806
0.00304124
-0.273886
0.0192917
0.0232237
0.0157068
0.0250304
0.0302771
0.00525429
0.826791
-0.238388
0.00746918
-0.203392
0.00969081
-0.168823
-0.738147
-0.769799
0.0119156
-0.228864
-0.261211
0.0141392
-0.100715
-0.0670261
-0.703018
0.016358
0.0185681
0.0207802
0.134529
0.333211
0.341186
0.178119
0.142595
0.150761
0.187294
-0.398723
0.0226561
0.168743
-0.626949
-0.69336
0.0247337
0.01862
0.789125
0.0269197
0.155315
0.0290893
0.0312425
-0.465255
-0.474088
0.0333835
0.0355118
0.345202
0.387096
0.33503
0.377603
0.0376419
0.0397724
0.0419448
0.0441509
0.0465066
-0.748436
-0.741488
-0.762884
-0.769171
0.0489384
0.706684
0.703266
0.710219
-2.01E-05
0.00201931
-3.00E-05
0.00308231
-1.05E-05
0.00104013
0.464382
0.460696
0.467243
0.051734
-0.00206021
-0.00314322
-0.00106145
0.0545316
0.00309567
0.0581868
-0.564285
-0.559905
-0.256846
-0.25078
-0.567735
-0.0813392
-0.0846946
0.832717
-0.0868096
-0.0889003
0.834759
0.834802
-0.0906965
0.834284
-0.0925848
0.833428
-0.094452
0.832459
-0.778113
-0.787278
-0.783623
-0.791919
-0.772084
-0.782136
-0.476136
-0.756074
-0.0964259
0.00384253
-0.0984571
0.00624144
0.146891
0.206792
0.0857087
-0.100586
-0.23676
-0.102797
0.825647
0.825166
-0.105103
0.825655
-0.59926
-0.510616
-0.501923
-0.590018
-0.519054
-0.608149
-0.720371
-0.356188
-0.366474
-0.1075
0.825206
-6.14E-05
-0.109993
-0.112578
0.065721
0.0358956
-0.115256
0.312619
-0.565812
-0.614691
-0.555435
-0.605023
-0.148448
-0.118025
-0.154728
-0.00404305
-0.00617147
-0.00208242
-0.512414
-0.501841
-0.120881
0.415978
0.45164
0.440296
0.478435
0.39088
0.424062
-0.12382
0.568179
-0.657658
-0.570167
-0.571499
-0.658065
0.570572
-0.126836
-0.129921
-0.0212167
-0.0148106
-0.0156232
-0.0218579
-0.133066
-0.136259
-0.139487
-0.142735
0.755353
0.748055
0.728819
0.76884
0.775441
-0.145985
0.798387
0.766804
0.0355192
0.452585
0.445399
-0.149216
-0.152406
-0.15553
-0.158563
-0.718585
0.703395
-0.161474
-0.164232
-0.346849
-0.71456
0.616962
0.56444
0.546811
0.597042
0.580654
0.635401
-0.166805
-0.24397
-0.233947
-0.205765
-0.196105
0.544577
0.554399
0.380763
0.387433
-0.254138
-0.215586
-0.169159
-0.171259
-0.107418
0.359533
-0.173071
-0.174559
-0.17569
-0.176428
0.0164815
0.00923002
0.00246619
0.0200832
-0.176744
-0.176609
0.657627
0.672528
-0.176002
-0.174907
-0.570782
-0.560924
-0.580502
-0.173305
-0.171183
0.686447
-0.168538
-0.165369
-0.320715
-0.404947
-0.161684
0.653946
-0.327555
-0.413159
-0.822238
-0.00942279
-0.0100961
-0.00481936
-0.00518745
-0.157495
0.603412
-0.00372039
-0.152818
-0.147674
-0.000158785
0.641773
0.641403
0.0946064
0.00400036
0.00206013
-0.142089
0.10128
-0.136091
0.388852
-0.12971
0.0927689
0.645124
-0.244109
-0.209412
0.101405
-0.12298
0.64607
0.0240902
0.03009
-0.115934
0.647053
0.0366685
0.0438205
0.0359214
-0.304533
-0.337849
0.671004
0.700599
-0.108605
0.0617045
0.647601
0.638893
-0.101026
-0.0605973
0.030698
-0.0932287
-0.0852433
-0.077098
-0.0688178
-0.0604274
-0.0519444
0.0437081
0.0217981
-0.04339
-6.12E-05
-0.0347696
0.501591
0.42133
0.429938
0.511227
-0.0260992
-0.0438321
-0.0658575
-0.0174188
-0.0880767
-0.661973
-0.65365
-0.631461
-0.0087215
-8.34E-06
-0.598755
-0.564776
0.00870501
-0.112518
-0.153301
0.0174028
0.108092
0.115062
0.00977001
0.0100353
0.026084
-0.639218
0.0347556
-0.663558
-0.662096
0.0433775
0.268805
0.0519336
-0.690424
0.0604186
0.068811
-0.493041
-0.484034
0.0770935
-0.686454
-0.467257
-0.464404
0.0852411
-0.46921
-0.134626
-0.734029
0.0932289
0.563264
0.101028
0.10861
-0.664123
0.115941
0.12299
0.129721
-0.665604
-0.714651
0.136103
0.142103
0.147689
-0.64277
-0.796791
-0.798156
-0.801643
-0.801983
-0.79429
-0.0145092
-0.00863219
0.152833
-0.0035123
-0.00225069
0.157511
-0.103005
0.1617
-0.650783
0.0257547
0.00307807
0.165385
-0.65373
0.573211
0.168553
-0.656514
-0.410983
-0.403323
-0.418479
-0.253877
-0.214475
-0.2348
-0.278082
0.171197
-0.659662
0.173317
0.174918
0.565103
0.176011
0.176615
0.176748
0.108965
0.17643
-0.855078
0.175689
-0.856734
0.174555
0.403615
0.388135
0.356895
0.370893
0.418914
0.435913
0.173064
-0.859996
-0.861521
0.171249
0.169145
0.347849
0.166788
0.337834
0.30451
0.164211
-0.866176
0.834073
0.800017
0.161449
-0.865564
0.741119
0.762562
0.158535
-0.86431
0.155499
0
0.15237
0
0.0130406
0.000299294
-0.0154173
0.149177
-0.110351
-0.0809751
-0.0878457
-0.118489
0.8301
0.828966
0.831313
0.145942
0.283423
0.277076
0.142689
0.827774
0.826585
0.139438
0.00789548
-5.94E-05
-0.384454
-0.377136
0.136206
-0.00643043
0.133009
-0.806573
0.129861
-0.668033
-0.636736
0.126772
-0.603892
0.498313
0.483329
0.123753
-0.569614
0.511983
0.12081
-0.534089
0.11795
0.115177
0.852548
0.853823
-0.270824
0.112495
0.109905
-0.350335
0.107409
-0.313826
0.825793
0.105007
-0.277669
0.102695
-0.241906
0.100479
-0.206531
0.0983431
-0.171518
0.0963059
-0.136827
0.0943274
-0.102394
0.0612994
0.0275696
0.307372
0.0924544
-0.0681619
0.0905612
-0.0340672
0.0887623
-0.754828
0.0866785
-0.293371
-0.325289
-0.54492
-0.608911
-0.554723
-0.619154
0.0845739
0.0812621
0.102308
0.136745
-0.0724685
-0.0681448
0.171447
-0.664586
0.564411
0.574585
-0.0646815
-0.73865
-0.70361
-0.796224
-0.77876
-0.807071
-0.0612497
-0.0769817
-0.058238
-0.0553405
0.387125
-0.052608
0.424104
-0.492407
-0.483143
0.334383
0.341606
-0.0499204
0.461091
0.0127553
0.0119979
0.0182361
-0.0472777
0.497877
-0.379998
-0.0446354
0.534211
-0.0419923
0.569639
-0.0393327
0.604057
-0.036657
-0.216954
-0.247515
-0.0339602
-0.564394
-0.49827
-0.483287
-0.546766
-0.031246
-0.0287676
-0.026347
-0.0151076
-0.0235954
0.663659
0.714237
0.216894
0.259061
0.222526
-0.129085
-0.119696
-0.0208501
-0.0180939
-0.0153319
-0.596099
-0.546458
0.65836
-0.0125687
0.864348
0.642784
0.261088
-0.00980929
0.865651
-0.00706047
0.866253
-0.00431523
0.866256
-0.620203
-0.00156357
0.0606715
0.594851
0.00117306
-0.0787881
0.865216
0.86427
0.0038821
0.863109
0.00657122
0.861765
0.00924669
0.860321
0.649676
-0.127641
0.254731
0.0119056
0.858913
0.014545
0.857669
0.17256
0.218095
0.0171639
0.856351
-0.657132
-0.0871815
0.0197636
0.854971
0.0223523
0.0249522
0.0657271
0.0275649
0.0302076
0.0328719
0.798025
-0.0219199
0.0355988
0.767195
-0.451619
-0.478408
-0.424048
0.366971
0.337647
0.395803
-0.391323
-0.404431
0.038351
0.848729
0.0411451
-0.110603
0.797531
-0.0119762
0.0437899
0.767671
0.0458834
0.167115
0.164279
0.0464318
0.797248
0.76824
0.0435767
0.0274007
-0.0124118
-0.296716
0.30186
0.2742
0.325143
-0.0953328
0.769032
-0.122118
-0.0310652
-0.110686
0.0617383
0.143423
0.246486
-0.769821
0.399508
-0.246081
-0.142714
-0.0618657
0.0310005
0.041453
0.0344916
0.121105
0.0949267
0.0121732
-0.326021
-0.0275649
-0.391508
-0.0437065
-0.0465317
-0.0459637
-0.258454
-0.251018
-0.327561
-0.318049
-0.0438517
-0.0411925
0.636183
-0.0383904
0.648056
-0.0356325
-0.0329031
-0.0302386
-0.0275948
0.640481
-0.0249803
-0.022379
-0.012962
0.0228975
0.0279733
-0.0197886
-0.0171883
0.598112
-0.0145686
-0.0119292
-0.00927053
0.586308
-0.00659319
0.585657
0.391358
0.467096
0.404468
-0.00390152
0.585888
-0.00119132
0.00154614
-0.858572
0.00429893
0.592711
0.00704596
0.595909
0.00979678
0.598726
0.0125584
0.60109
-0.430913
-0.423674
-0.438716
-0.399033
-0.477456
0.0153245
0.0180895
0.0208489
0.0235977
0.123416
0.0263532
0.102297
0.0287781
0.0815422
0.0312609
0.00338066
0.0339801
0.0405971
0.020253
0.0073537
0.0366824
-6.36E-05
-0.416434
0.0393639
0.0420298
-0.0407279
-0.0611428
0.177959
0.0446802
-0.0816876
0.0473308
-0.102459
0.0499828
0.0526801
0.0554213
-0.62082
0.058327
-0.586954
-0.251332
-0.271459
-0.537183
0.0613448
0.850828
-0.666239
0.0647803
0.73708
0.0682475
0.0725695
-0.609624
-0.855893
0.643533
-0.588625
-0.603982
-0.60834
-0.622897
0.769895
-0.704813
-0.739061
0.738719
0.704259
-0.769984
0.791803
-0.888892
0.865744
-0.474959
-0.891752
-0.890193
-0.887765
-0.790583
-0.786416
-0.671619
-0.238904
-0.216279
-0.640099
-0.606984
-0.572559
-0.20925
-0.21493
-0.537111
-0.0198061
0.0214768
-0.00107531
-0.0493218
0.0787536
-0.0752868
-0.793804
-0.390487
-0.353686
-0.317102
-0.852205
-0.280796
-0.244806
-0.358747
-0.209137
-0.173773
-0.138681
-0.103815
0.235238
0.173709
0.390476
0.427387
0.464258
0.500902
0.537077
0.572598
0.667477
0.607057
-0.301653
0.6044
-0.626036
-0.460726
-0.456303
0.845266
0.647892
0.887741
-0.638765
-0.670909
0.890193
0.89176
0.0610068
0.891696
0.890528
-0.0203809
0.88904
0.887283
0.885313
0.883061
0.878143
0.875537
-0.194365
0.873021
0.869886
0.866673
9.75E-16
0.859849
9.73E-16
0.0940684
-0.160651
-0.166049
0.612009
-0.515178
-0.551749
0.601199
0.590881
0.539267
0.527966
-0.382761
-0.372773
-0.434374
-0.444187
-0.309096
0.628167
0.527891
0.539439
0.543547
0.548058
0.552119
0.561445
0.566595
0.571742
0.132667
0.113057
0.0938831
0.0749579
0.0561541
0.0374022
0.0186666
-0.041462
-6.56E-05
-0.0187982
-0.0375346
0.0753842
-0.599815
0.228931
-0.848302
0.501794
0.510498
0.492901
-0.551982
-0.392771
-0.403025
-0.532983
-0.536112
-0.553123
-0.558267
-0.00150396
-0.578846
-0.583079
0.770484
0.739971
0.706364
-0.706017
0.728927
-0.864519
-0.58697
-0.909247
-0.910957
-0.912166
-0.910722
-0.90834
-0.362495
-0.423905
-0.298072
-0.904936
0.880823
0.863303
-0.673213
-0.641499
-0.608344
-0.574003
-0.538725
-0.392905
-0.35618
-0.319597
-0.283221
-0.247089
0.456615
0.364181
0.371934
0.46569
0.356526
0.447608
0.392896
0.52872
0.429671
0.466356
0.502784
0.538749
0.574031
0.60838
0.556602
0.731375
0.85434
0.867143
0.877989
0.904896
0.912092
0.910874
0.90916
0.907014
0.904487
0.901619
0.898434
0.894953
0.878772
0.869485
0.864546
0.575223
0.563504
0.550415
0.537066
0.471191
0.469461
0.468942
0.469546
0.669898
0.471123
0.631835
0.485303
0.490321
0.495773
0.501603
0.507706
0.08529
0.0682513
0.0512201
0.0341573
0.017057
-0.576342
0.635183
-0.533318
-0.539019
0.70825
0.672773
-0.707745
-0.844395
-0.840218
-0.843158
-0.866536
-0.872647
-0.900011
-0.92199
-0.923987
-0.925343
-0.923071
-0.885034
-0.873052
-0.73148
-0.703078
0.874264
-0.672941
-0.641261
0.859429
-0.608251
-0.574135
-0.539136
-0.394363
-0.24873
0.0351807
0.394355
0.430922
0.467349
0.853339
0.846487
0.503488
0.574166
0.703119
0.731524
0.859143
0.873063
0.885037
0.895177
0.903615
0.910493
0.925275
0.923909
0.921908
0.919361
0.912815
0.884208
0.878456
0.872508
0.86635
0.859985
0.527782
0.512109
0.410371
0.409289
0.409518
0.410928
0.413349
0.437019
0.44338
-0.878561
0.0615047
0.0462624
0.0308988
0.0154412
0.912976
0.908624
-0.550712
-0.859126
0.638615
-0.478971
-0.431441
-0.0945144
-0.425749
-0.451213
-0.486938
-0.47019
-0.470133
-0.171323
-0.468983
-0.176804
-0.182319
-0.243451
-0.231994
-0.637885
0.231788
0.24182
0.22459
0.290861
-0.452553
-0.675006
0.355616
-0.709988
0.417675
0.476362
0.53916
0.531159
-0.814397
-0.670759
-0.63928
-0.700802
0.586267
0.581529
-0.828044
0.626908
-0.835742
0.666851
0.701098
0.733674
0.729477
-0.329096
0.755764
0.7519
-0.311451
-0.861149
0.771818
0.777837
0.768363
-0.293125
-0.868386
0.781913
0.778933
-0.274192
-0.875392
0.786236
0.783797
-0.254728
0.78321
0.777441
0.766805
0.75169
0.732508
0.709669
0.68362
-0.931255
0.652372
0.654801
0.623615
0.59043
-0.928816
0.555566
0.515443
0.50825
0.519286
0.477766
0.470201
0.481792
0.916321
0.0871475
0.439089
0.431305
0.443226
-0.887159
0.403772
-0.874389
0.363495
-0.859692
0.322146
0.279395
0.232505
0.227807
0.234797
0.186857
0.18314
0.187918
-0.729234
0.293138
-0.231679
-0.186365
-0.226758
-0.187468
-0.234122
-0.278603
-0.606555
-0.321387
-0.572782
-0.362868
-0.538162
-0.403314
-0.442867
-0.481491
0.416471
-0.519026
0.427319
-0.39477
-0.555338
0.436971
-0.590232
-0.623447
-0.249672
-0.654664
-0.683516
-0.709601
0.468996
-0.732478
0.47014
-0.751545
-0.751215
-0.7517
0.470191
-0.766856
0.469203
0.0708442
-0.777533
0.106369
-0.783343
0.141989
-0.783973
0.456264
-0.779152
-0.768623
-0.752202
0.394762
-0.729824
0.43104
-0.701493
0.425665
0.467131
-0.667301
0.418386
-0.627424
0.41088
-0.582252
0.403211
-0.532272
0.395433
-0.482837
-0.492022
-0.477687
0.387598
-0.418892
0.379751
0.70085
-0.356703
0.729283
-0.291713
-0.225015
0.348993
0.0766277
0.90727
0.270451
0.931189
0.263265
0.929549
0.25594
0.927171
0.24852
0.924139
0.920505
0.882041
0.875235
0.84555
-0.274558
0.494401
0.476552
0.457219
3.47E-16
0.349876
0.349561
0.350671
0.352981
0.356309
0.471942
3.47E-16
0.759839
0.384406
0.391619
0.0680206
0.0548081
0.0413434
0.0276658
0.013838
-0.095623
-0.418731
-0.377938
-0.423635
-0.431822
-0.440162
0.642383
-0.64163
-0.67767
-0.712261
-0.743637
-0.771175
-0.794273
-0.812126
-0.824573
-0.831007
-0.84782
-0.856004
-0.86402
-0.929424
-0.927533
-0.89545
-0.00408597
-0.00377853
-0.00833343
-0.00898423
0
0
-0.884089
-0.00421673
-0.00927012
0
-0.870886
-0.00434092
-0.00954015
0
-0.855778
-0.00442911
-0.00973498
0
-0.00452654
-0.00994838
0
-0.00461617
-0.0101458
0
0.837404
-0.00471571
-0.0103641
0
-0.724382
-0.00481637
-0.0105852
0
-0.696147
-0.00492383
-0.0108209
0
-0.00503492
-0.0110647
0
-0.00515171
-0.0113209
0
-0.535571
-0.00527314
-0.0115872
0
-0.00539998
-0.0118653
0
-0.00553185
-0.0121544
0
-0.00566899
-0.012455
0
-0.00581122
-0.0127667
0
-0.0059585
-0.0130894
0
-0.00611062
-0.0134226
0
-0.00626735
-0.0137659
0
-0.00642834
-0.0141183
0
-0.00659318
-0.0144791
0
-0.00676134
-0.0148471
0
-0.00693221
-0.0152209
0
-0.00710503
-0.0155989
0
0.0710108
-0.00727896
-0.0159791
0
0.106596
-0.00745299
-0.0163594
0
0.142253
-0.007626
-0.0167374
0
0.177995
-0.00779673
-0.0171102
0
-0.0079638
-0.0174748
0
-0.00812569
-0.017828
0
-0.00828078
-0.0181661
0
0.393949
-0.00842733
-0.0184854
0
0.429843
-0.00856352
-0.0187819
0
0.4655
-0.00868745
-0.0190514
0
-0.00879723
-0.0192898
0
-0.00889092
-0.0194928
0
-0.00896652
-0.0196562
0
-0.00902187
-0.0197753
0
0.696197
-0.00905566
-0.019847
0
0.724433
-0.00906642
-0.0198683
0
-0.00905203
-0.0198346
0
-0.00901158
-0.0197439
0
-0.00894442
-0.0195948
0
-0.00884953
-0.019385
0
-0.00872638
-0.0191135
0
-0.00857492
-0.0187802
0
-0.00839538
-0.0183855
0
0.905041
-0.00818829
-0.0179307
0
-0.00795445
-0.0174175
0
-0.00769496
-0.0168483
0
-0.00741112
-0.0162259
0
-0.00710446
-0.0155538
0
0.92936
-0.00677662
-0.0148354
0
0.927302
-0.00642939
-0.0140747
0
0.924416
-0.0060646
-0.0132757
0
0.92077
-0.00568411
-0.0124425
0
0.916435
-0.00528972
-0.0115789
0
-0.00488324
-0.010689
0
-0.00446631
-0.00977619
0
0.886457
-0.00404056
-0.00884418
0
0.879201
-0.00360731
-0.0078958
0
0.871647
-0.00316806
-0.0069343
0
0.863836
-0.00272363
-0.0059615
0
-0.00227515
-0.00497985
0
-0.00182322
-0.00399066
0
-0.00136899
-0.00299643
0
0.830232
0.82114
-0.000913674
-0.00199969
0
0.811717
-0.000456831
-0.00100029
0
-4.50E-07
-9.82E-07
0
0.000455937
0.000998339
0
0.000912807
0.0019978
0
0.00136818
0.00299465
0
0.00182247
0.00398902
0
0.00227448
0.00497839
0
0.00272306
0.00596024
0
0.0031676
0.00693328
0
0.00360696
0.00789504
0
0.00404034
0.00884369
0
0.00446621
0.00977599
0
0.00488328
0.010689
0
0.00528989
0.0115793
0
0.479203
0.464108
0.0056844
0.0124431
0
0.4445
0.00606501
0.0132766
0
0.422239
0.00642991
0.0140759
0
0.399449
0.00677724
0.0148368
0
0.00710516
0.0155553
0
0.538944
0.559858
0.0074119
0.0162276
0
0.00769579
0.0168501
0
0.00795532
0.0174194
0
0.00818917
0.0179326
0
0.00839626
0.0183875
0
0.290506
0.291298
0.2913
0.00857579
0.0187821
0
0.293383
0.0087272
0.0191153
0
0.296648
0.00885029
0.0193867
0
0.300906
0.0089451
0.0195963
0
0.00901215
0.0197452
0
0.00905249
0.0198356
0
0.00906674
0.019869
0
0.00905585
0.0198474
0
0.00902192
0.0197754
0
0.00896642
0.019656
0
0.00889067
0.0194923
0
0.00879681
0.0192889
0
0.00868688
0.0190501
0
0.42148
0.00856277
0.0187802
0
0.0084264
0.0184834
0
0.00827966
0.0181637
0
0.429498
0.00812437
0.0178251
0
0.00796229
0.0174715
0
0.00779503
0.0171065
0
0.00762412
0.0167333
0
0.00745094
0.0163549
0
0.0595999
0.00727673
0.0159742
0
0.0482546
0.00710262
0.0155936
0
0.0365257
0.00692961
0.0152152
0
0.0244971
0.00675855
0.014841
0
0.0122661
0.0065902
0.0144726
0
-6.67E-05
0.00642518
0.0141114
0
0.00626401
0.0137585
0
0.00610711
0.0134149
0
0.00595481
0.0130813
0
-0.0823958
0.00580735
0.0127582
0
0.00566493
0.0124461
0
0.00552759
0.0121451
0
0.00539551
0.0118555
0
0.00526846
0.0115769
0
0.00514678
0.0113101
0
0.00502973
0.0110533
0
0.00491831
0.0108088
0
-0.356633
0.00481052
0.0105724
0
0.00470951
0.0103505
0
0.0046098
0.0101318
0
0.00451986
0.00993374
0
0.00442225
0.00971994
0
0.00433404
0.00952508
0
0.00421064
0.00925673
0
0.00408097
0.00897321
0
-0.666397
0.00377854
0.00833291
0
-0.00368481
-0.00338164
-0.00807585
-0.00742736
0
0
-0.325874
-0.00320208
-0.00703268
0
-0.00301698
-0.00662865
0
-0.341572
-0.0028649
-0.00629449
0
-0.00271116
-0.0059582
0
-0.376102
-0.0025722
-0.00565327
0
-0.00243418
-0.00535077
0
-0.00230035
-0.00505715
0
-0.00216584
-0.00476217
0
-0.00203176
-0.00446821
0
-0.00189691
-0.00417236
0
-0.00176124
-0.00387476
0
-0.00162447
-0.0035749
0
-0.00148651
-0.00327233
0
-0.00134756
-0.00296788
0
-0.0012337
-0.00271854
0
-0.00109471
-0.00241358
0
-0.000954622
-0.00210647
0
-0.000813949
-0.00179807
0
-0.000672931
-0.00148892
0
-0.000531764
-0.00117946
0
-0.000390703
-0.00087023
0
-0.000249862
-0.000561491
0
-0.645634
-0.000108899
-0.000252517
0
-0.681343
3.25E-05
5.74E-05
0
-0.714761
-0.00350519
-0.0077619
0.000173237
0.000365743
0
0.000312993
0.000672007
0
0.000452276
0.000977171
0
0.000591206
0.0012815
0
-0.809864
0.000729723
0.0015849
0
-0.821003
0.000868084
0.00188787
0
-0.826259
0.00100644
0.00219075
0
0.00114548
0.00249495
0
0.00128537
0.00280093
0
0.00142804
0.00311272
0
-0.787938
0.00157351
0.00343054
0
0.00172517
0.00376131
0
0.00188111
0.00410165
0
-0.825984
0.00205125
0.00447168
0
0.00223221
0.00486588
0
0.00244632
0.00532665
0
0.00265551
0.00578395
0
0.00296854
0.00644223
0
0.00320334
0.00695901
0
0.00374818
0.00805715
0
0.00376352
0.00820489
0
0.0058098
0.0118077
0
0.00141538
0.00136241
0
-0.00638349
-0.0127817
0
-0.000772206
-0.00188054
0
-0.918667
0.00108924
0.00306382
0
0.00148213
0.00514782
0
0.024226
0.0520038
0
-0.886754
-0.0242076
-0.00147119
-0.051953
-0.00511318
0
0
-0.875322
-0.00109019
-0.00306653
0
-0.862048
0.000769089
0.00186837
0
-0.846893
0.00633643
0.0126913
0
-0.00144179
-0.0014255
0
-0.00581007
-0.0118103
0
-0.00377085
-0.00822053
0
-0.716453
-0.00375282
-0.00806756
0
-0.688652
-0.00320754
-0.00696827
0
-0.659405
-0.00297174
-0.00644938
0
-0.00265805
-0.00578957
0
-0.00244835
-0.00533116
0
-0.530993
-0.00223405
-0.00486993
0
-0.00205284
-0.00447521
0
-0.0018825
-0.00410472
0
-0.00172655
-0.00376435
0
-0.00157491
-0.00343363
0
-0.00142939
-0.00311568
0
-0.00128663
-0.00280369
0
-0.00114669
-0.0024976
0
-0.00100768
-0.00219347
0
-0.000869288
-0.00189051
0
-0.000730927
-0.00158753
0
-0.000592461
-0.00128424
0
0.293789
-0.000453425
-0.000979687
0
-0.000313929
-0.000674073
0
0.0708898
-0.000174114
-0.000367675
0
0.106394
-3.34E-05
-5.94E-05
0
0.000108055
0.000250669
0
0.000249098
0.000559818
0
0.000390045
0.000868788
0
0.000531229
0.00117828
0
0.000672542
0.00148807
0
0.391641
0.000813703
0.00179754
0
0.427029
0.000954529
0.00210627
0
0.462133
0.0010948
0.00241378
0
0.001234
0.0027192
0
0.00134808
0.00296901
0
0.597203
0.00148726
0.00327396
0
0.00162549
0.00357714
0
0.00176255
0.00387763
0
0.00189851
0.00417588
0
0.716505
0.0020337
0.00447244
0
0.00216813
0.00476721
0
0.00230307
0.0050631
0
0.0024374
0.00535782
0
0.00257597
0.00566152
0
0.00271537
0.00596743
0
0.896401
0.00286948
0.00630451
0
0.00302169
0.00663899
0
0.00320676
0.007043
0
0.918644
0.00338623
0.0074375
0
0.920568
0.00368894
0.00808502
0
0.921237
-0.0138282
-0.0148562
-0.0153251
-0.0157656
-0.016089
-0.0164403
0.903524
-0.0167673
0.897747
-0.0171271
0.89136
-0.0174923
0.88443
-0.0178809
0.877019
-0.0182831
0.869192
-0.0187053
0.861006
-0.0191444
0.852519
-0.0196026
0.843782
-0.020079
-0.0205742
-0.0210874
-0.0216187
-0.0221672
0.78704
-0.0227319
-0.0233118
-0.0239051
-0.02451
-0.0251243
-0.333497
-0.0257452
-0.0263695
-0.0269938
-0.0276138
0.436823
0.4163
-0.0282251
0.39171
-0.0288227
0.365321
-0.0294011
0.339546
-0.0299544
-0.0304765
-0.0309608
-0.0314004
-0.0317887
-0.0321187
-0.0323832
0.235513
0.233578
-0.0325747
0.238613
-0.0326884
0.24284
-0.0327188
0.248004
-0.0326591
-0.0325057
-0.0322562
-0.0319072
0.275878
-0.0314569
-0.0309051
-0.0302527
-0.0295017
0.329728
-0.028655
-0.0277165
-0.0266909
-0.0255837
-0.0244009
-0.0231487
-0.0218338
-0.0204627
0.00351008
0.00777158
-0.019042
-0.00392842
-0.00858862
-0.017578
-0.0160767
0.0514943
-0.0145438
0.0419332
-0.0129841
0.0318683
-0.0114028
0.0214289
-0.0098031
0.0107427
-0.00818885
-6.55E-05
-0.00656223
-0.00492728
-0.00328817
-0.0016452
-0.0696997
-1.61E-06
0.00164201
0.00328508
0.00492435
0.00655954
0.00818645
0.00980104
0.0114012
0.0129828
-0.293763
0.014543
-0.276644
0.0160763
-0.262598
0.0175781
0.0190426
0.0204637
0.0218352
0.0231506
0.0244031
0.0255862
0.0266937
0.0277194
0.0286581
-0.293132
0.0295048
0.0302559
0.0309082
-0.329979
0.0314598
0.498665
0.0319099
0.0322586
0.0325077
0.0326607
0.03272
0.032689
0.0325749
0.0323828
0.772354
0.0321177
0.0317872
0.0313984
0.0309581
0.0304732
0.0299504
0.0293964
0.0288173
0.028219
0
0
0.0276071
0
0
0.0269864
0.0263615
0.0257365
0.0251149
0.0245
-0.649922
0.0238944
-0.6849
0.0233004
-0.717152
0.0227199
0.0221545
0.0216054
0.0210735
-0.807315
0.0205595
-0.817375
0.0200637
-0.821412
0.0195865
0.0191275
0.0186875
0.0182643
0.017861
-0.755389
0.0174712
0.0171048
0.0167443
-0.795439
0.0164162
0.0160642
0.0157408
0.0153029
0.0148379
0.0138263
-0.881247
-0.0133017
-0.0122637
-0.887138
-0.0116123
-0.0109498
-0.0103979
-0.00984532
-0.0093424
-0.00884415
-0.901455
-0.00835993
-0.00787381
-0.00738925
-0.00690152
-0.0064109
-0.86012
-0.00591665
-0.847138
-0.00541791
-0.832297
-0.00491656
-0.815572
-0.00450622
-0.796972
-0.00400331
-0.00349728
-0.00298915
-0.704749
-0.00247977
-0.677635
-0.00196989
-0.649122
-0.00146042
-0.000951782
-0.000442815
-0.52388
6.76E-05
0.00393221
0.00859707
-0.490492
0.000575365
-0.0129386
-0.456545
0.00107973
0.00158216
0.00208311
0.00258244
0.00308092
0.00357909
0.00407906
0.00458176
-0.0704673
0.0050935
-0.0352452
0.00561497
-0.747845
-3.19E-05
0.00615656
0.0351819
0.00671411
0.0704056
0.00731792
0.105647
0.00796189
0.00870442
0.00945295
0.0104851
0.0113302
0.0129539
0.0133392
0.422159
0.0175906
0.456552
-0.00100799
-0.021588
-0.00356483
0.00640486
0.0119717
0.0817756
0.704801
-0.0816708
-0.011892
0.730393
-0.00641353
0.754352
0.00353071
0.0214344
0.000895495
0.832339
-0.0175989
-0.0133645
-0.0129715
0.880628
-0.0113457
0.888234
-0.0104972
0.894187
-0.00946237
0.898562
-0.00871195
0.901435
-0.0079686
0.902893
-0.00732378
0.903027
-0.00671924
-0.00616161
-0.00562008
-0.00509841
-0.00458635
-0.00408344
-0.00358356
-0.00308528
0.85952
-0.00258679
0.851259
-0.00208761
-0.00158631
-0.00108317
-0.000578564
0.814725
-7.08E-05
0.805016
0.000439776
0.795182
0.000949033
0.00145805
0.00196796
0.00247837
0.754257
0.00298827
0.00349696
0.00400365
0.00450731
0.00491842
0.00542061
0.00592033
0.00641562
0.00690731
0.00739622
0.412342
0.00788211
0.392004
0.00836974
0.365879
0.00885575
0.336502
0.00935596
0.00986049
0.0104144
0.0109668
0.0116294
0.0122806
0.185161
0.0133171
-0.0204619
-0.0218958
0.180254
-0.0225786
0.183177
-0.0232172
0.187278
-0.0236951
0.192419
-0.0242099
0.198414
-0.0246928
-0.0252211
-0.0257584
-0.0263291
-0.0269199
-0.0275398
-0.0281845
-0.028857
-0.029556
-0.0302823
0.305322
-0.031035
0.315357
-0.0318138
0.325108
-0.0326175
-0.0334449
-0.034294
-0.0351626
-0.0360478
-0.0369462
-0.037854
0.0657914
-0.0387663
-0.0396781
-0.0405831
-0.0414749
-0.0423461
0.0274219
-0.0431886
0.0184916
-0.0439939
0.00928244
-0.0447529
-6.32E-05
-0.045456
-0.0460934
-0.0466551
-0.0471311
-0.047511
-0.0477839
-0.0578187
-0.0479426
-0.0479792
-0.231282
-0.214674
0.505072
-0.201577
-0.191825
-0.184989
-0.198842
0.0129525
-0.0141078
-0.247223
-0.285719
0.762959
-0.503797
-0.654449
-0.688326
-0.719422
-0.816494
-0.75604
-0.848767
-0.855456
0
0
-0.810993
-0.794969
-0.777112
-0.634644
-0.605885
-0.576015
-0.448093
-0.414622
-0.0695137
-0.0347715
-3.10E-05
0.03471
0.0694538
0.104201
0.414621
0.4481
0.688366
0.713031
-0.670222
0.736111
0.811037
0.0141221
-0.0192417
0.85676
0.863745
0.869062
0.872784
0.87499
0.875761
0.875184
0.755771
0.713911
0.371715
0.345157
0.313362
0.279507
0.130581
0.131247
0.135213
0.140235
0.14618
0.152877
0.341806
0.263578
0.273752
0.0498811
0.0505729
-0.0469382
-0.278496
-0.170566
-0.15522
-0.143691
-0.135644
-0.130497
-0.131595
-0.204323
-0.243684
-0.253607
-0.304287
0.75401
0.801898
0.511546
-0.510593
-0.658825
-0.811523
-0.622403
-0.74999
-0.78886
-0.797533
-0.805626
-0.78172
-0.614805
-0.587349
-0.558782
-0.435907
-0.403616
-0.370901
-0.101902
-0.0679538
-0.0339944
0.665969
0.689394
0.711266
0.781764
0.823624
0.829705
0.834131
0.836973
0.838307
0.838217
0.836791
0.707486
0.329726
0.296543
0.259086
0.221432
0.0876048
0.092474
0.098265
0.145686
0.223887
0.233981
0.30235
0.0281043
0.0340745
0.0374228
-0.0373839
-0.220205
-0.113107
-0.0998316
-0.090469
-0.0845093
-0.0813051
-0.0879576
-0.16481
-0.204164
-0.214023
-0.224027
0.745147
0.723587
0.518396
0.479884
-0.51758
-0.663033
-0.746172
-0.567674
-0.733559
-0.742713
-0.751346
-0.778817
-0.742984
-0.588172
-0.562348
-0.535412
-0.418907
-0.388136
-0.356902
0.293349
0.325274
-0.36277
0.449141
0.47871
0.636111
0.65796
0.678287
0.743027
0.779886
0.784833
0.78817
0.786912
0.751225
3.47E-16
0
0.650443
3.47E-16
3.47E-16
3.47E-16
3.47E-16
0.00153956
0
0.00370857
3.47E-16
0.00479216
3.47E-16
0.00515655
3.47E-16
0.00502855
3.47E-16
0
3.47E-16
3.47E-16
3.47E-16
3.47E-16
0
0.286696
3.47E-16
3.47E-16
0.24632
3.47E-16
3.47E-16
0
-0.0050585
3.47E-16
3.47E-16
3.47E-16
3.47E-16
0
3.47E-16
3.47E-16
0.0417419
0.0454332
3.47E-16
0.0377709
3.47E-16
0.0501373
0.0557368
0.0655322
0
0.110413
3.47E-16
0.0620902
0.1103
0.119422
0.26263
0.0266208
-0.0290054
-0.161666
-0.0606969
-0.0502012
-0.0434747
-0.0398707
-0.0387169
-0.0504777
-0.167317
-0.176887
-0.186573
0.736776
0.769906
0.749677
0.725464
0.599045
0.562456
-0.524479
-0.667072
-0.73767
-0.507052
-0.667284
-0.676654
-0.685581
-0.616912
-0.596994
-0.575679
-0.553062
-0.529243
-0.504321
-0.395795
-0.36697
-0.337654
-0.307923
-0.277855
0.277835
0.307909
0.504354
-0.370084
0.727766
0.729899
0.72464
0.701657
0.69387
0.685461
0.647365
0.637126
0.584894
0.0881946
0.196232
0.20521
0.214067
-0.104101
-0.00818951
-0.00439118
-0.00319317
-0.0040149
-0.142308
-0.151379
-0.160213
-0.169146
-0.178311
-0.465656
-0.70054
-0.727173
-0.750311
-0.76945
-0.784097
-0.72952
-0.697195
-0.658745
-0.413017
-0.422526
-0.431899
-0.644296
-0.527798
-0.44027
-0.415957
-0.390865
-0.365087
-0.338726
-0.311859
-0.284558
0.338727
0.365095
0.59539
-0.0111798
-0.454487
0.657137
0.658062
0.649173
0.624447
0.616501
0.608034
0.570615
0.560744
0.550796
0.540824
0.530877
0.520999
0.0615645
0.158678
0.166732
0.174672
-0.0906252
-0.126403
0.78334
-0.750815
-0.554683
-0.571653
-0.570561
-0.544624
-0.467056
-0.391162
-0.369874
-0.347835
-0.325134
-0.301858
0.524289
0.571656
0.571494
0.570153
0.567712
0.564253
0.559863
0.527066
0.518947
0.483882
0.474795
0.438706
-0.221083
0.039479
0.0671516
0.121787
0.128655
0.1353
0.00936774
-0.00982773
-0.0362584
0.0326648
-0.0259703
