8.57E-05
4.62E-05
8.48E-05
0.000154087
4.46E-05
2.36E-05
-0.000203316
-0.000107831
-0.000210998
-0.000111935
-0.000195683
-0.000103762
-0.0663318
-0.0656588
-0.0757472
-0.0749677
-0.0566387
-0.0561441
-0.0649227
-0.0740261
-0.0556075
0.000126448
0.000225542
6.62E-05
-0.00018793
-9.96E-05
0.000168433
0.000299009
8.86E-05
-0.000180519
-9.57E-05
0.0618838
0.0369023
0.06981
0.043933
0.0528206
0.0291267
0.000210752
0.000373032
0.000111122
-0.00017279
-9.16E-05
0.0150097
0.0210113
0.00859475
0.396684
0.397952
0.432966
0.434011
0.360427
0.361855
0.57107
0.571456
0.60519
0.604213
0.537482
0.537589
0.000252888
0.000446708
0.000133563
-0.000166003
-8.80E-05
0.532449
0.527112
0.565663
0.571193
0.494724
0.489141
0.713593
0.746202
0.73488
0.770061
0.68457
0.713895
0.363793
0.401414
0.378175
0.419415
0.346685
0.380864
0.536636
0.574635
0.499161
-0.111307
-0.108576
-0.115866
-0.112923
-0.10569
-0.103269
0.000294428
0.000519316
0.000155694
-0.000158046
-8.37E-05
-0.113358
-0.118124
-0.107451
0.325773
0.336351
0.311824
0.32735
0.295774
0.358037
-0.125958
-0.125956
-0.129
-0.129027
-0.121843
-0.121877
-0.0561197
-0.0612216
-0.0663826
-0.0604508
-0.0552819
-0.0511014
-0.0800043
-0.082569
-0.0885211
-0.0909815
-0.0711679
-0.0735266
0.000334923
0.000590077
0.000177274
-0.000152337
-8.07E-05
-0.100233
-0.101444
-0.10705
-0.108268
-0.0937277
-0.0926589
0.964864
0.957055
0.953148
0.944971
0.974424
0.967243
0.000373972
0.000658293
0.000198087
-0.000143246
-7.57E-05
0.518757
0.453947
0.514696
0.45549
0.447406
0.518424
0.615683
0.652692
0.616179
0.653762
0.614403
0.650313
0.389829
0.39623
0.378716
0.584164
0.679632
0.590623
0.675313
0.572545
0.680319
-0.118049
-0.119703
-0.121937
-0.123704
-0.114612
-0.113191
-0.0886351
-0.0965272
-0.0912239
-0.0989527
-0.0860703
-0.0939725
0.48728
0.502985
0.465544
0.000411209
0.000723326
0.000217939
-0.000141663
-7.50E-05
0.64274
0.634112
0.603918
0.595446
0.682274
0.673726
-0.115755
-0.119514
-0.111149
-0.0802018
-0.0826792
-0.0776549
0.622536
0.584137
0.661108
0.000446317
0.000784626
0.000236659
-0.000137784
-7.28E-05
0.434826
0.434872
0.469682
0.469553
0.399726
0.399751
0.434813
0.469511
0.399761
0.00954066
0.0137553
-0.00950297
-0.00578802
0.0308494
0.0351959
0.000479039
0.00084175
0.000254108
-0.000153443
-8.16E-05
0.613183
0.609845
0.577067
0.614698
-0.0994041
-0.106163
-0.100695
-0.107519
-0.098009
-0.104742
0.000509182
0.000894367
0.000270184
-0.000169138
-8.95E-05
-0.0384991
-0.0253133
-0.0360945
-0.0216576
-0.0403989
-0.0286089
-0.0644862
-0.0655796
-0.0730126
-0.0744168
-0.055557
-0.0563759
-0.0499479
-0.0487091
-0.0505728
-0.0664556
-0.0755506
-0.0570282
0.000536627
0.000942269
0.000284821
-0.000299186
-0.000162878
-0.0862773
-0.0932685
-0.0870298
-0.0946025
-0.0846608
-0.0909818
-0.0992755
-0.10124
-0.0964268
-0.124842
-0.126672
0.000561313
0.000985356
0.000297987
-0.000413222
-0.000229965
0.494627
0.514941
0.550985
0.528181
0.460898
0.479549
0.938135
0.936849
0.903485
0.906285
0.969578
0.968191
-0.12237
0.470826
0.501507
0.439035
0.792803
0.734955
0.76759
0.716367
0.817288
0.751427
0.868514
0.8384
0.000583267
0.00102367
0.000309696
-0.000216244
-0.000386021
0.000602534
0.0010573
0.000319971
-0.000220414
-0.000400803
-0.000193767
-0.000348516
-0.000187793
-0.000349193
0.238664
0.261771
0.258974
0.284238
0.21754
0.238435
0.768207
0.793513
0.839271
0.80856
0.717201
0.735916
0.818309
0.869584
0.377069
0.360862
0.446478
0.435155
0.292134
0.311222
0.000619248
0.00108648
0.000328884
-0.000138721
-0.000262226
0.284395
0.309311
0.258758
-0.0945335
-0.093211
-0.1009
-0.101931
-0.0844181
-0.0860325
-0.120653
-0.124649
-0.119385
-0.123273
-0.125501
-0.121473
-0.0908753
-0.0962616
-0.100142
-0.0942977
-0.0915711
-0.0866981
0.000633515
0.00111139
0.00033649
-0.000132858
-0.000250223
0.000645598
0.00113248
0.000342932
-0.00011949
-0.000225299
-0.0833494
-0.0914942
-0.0901542
-0.082133
-0.0843331
0.000655577
0.00114992
0.000348249
-0.000114901
-0.000216304
0.6961
0.717768
0.723811
0.706071
0.726112
0.698096
-0.0631497
-0.0615501
-0.0712956
-0.0692535
-0.0545437
-0.0533498
-0.0315509
-0.0439973
-0.0443392
-0.0311543
-0.0320377
-0.0436391
-0.0644658
-0.0729797
-0.0555351
-0.0179078
-0.0166856
-0.0193592
0.0988009
0.0687445
0.111609
0.0801784
0.0846489
0.0565055
-0.101846
-0.108751
0.000663819
0.00116432
0.00035264
-0.000107943
-0.000203626
0.163036
0.153513
0.128259
0.135819
0.179475
0.191195
-0.10544
-0.10352
-0.112276
-0.110417
-0.0956547
-0.0976238
0.0429731
0.0327617
0.666608
0.636439
0.634589
0.664172
0.639704
0.671819
1.08513
1.07149
1.05675
1.03831
1.10969
1.10378
0.000670649
0.00117622
0.000356282
-0.00010617
-0.000200216
-0.0915705
-0.0993578
-0.0825724
0.000676191
0.00118584
0.000359248
-0.000104497
-0.000197156
1.09641
1.07848
0.000680584
0.00119368
0.000361576
-0.00010448
-0.000197095
-0.0762382
-0.085247
-0.0754833
-0.0768721
-0.0860671
0.971793
0.985428
0.9492
0.960388
0.991509
1.00768
0.578902
0.577977
0.904722
0.871636
0.937905
0.898273
0.000683042
0.00119802
0.000362851
-0.000104318
-0.000196856
0.578921
0.469933
0.470247
0.50564
0.505605
0.43461
0.96054
0.926743
-0.0791379
-0.0749877
-0.0840064
-0.0791435
-0.073419
-0.0699625
0.749469
0.745986
0.469177
0.505244
-0.0826866
-0.0881722
-0.0763676
0.752981
0.000684665
0.00120059
0.000363765
-0.000104749
-0.000197655
-0.0728801
-0.0812611
-0.0826042
-0.0717541
-0.0799696
0.000685687
0.00120241
0.000364252
-0.000105171
-0.000198426
0.754814
0.751472
0.786988
0.782424
0.721531
0.7174
0.625597
0.6736
0.605805
0.648488
0.642521
0.696399
-0.0593484
-0.0598751
-0.0580039
-0.0504242
0.74974
0.779162
0.714287
-0.0669368
-0.0684957
-0.0645328
0.000685701
0.00120256
0.000364144
-0.000105788
-0.000199547
-0.112183
-0.113502
-0.110754
0.000685715
0.00120246
0.000364267
-0.000106234
-0.000200356
0.000684721
0.00120068
0.000363795
-0.000106491
-0.000200872
0.668051
0.656658
0.752532
-0.10245
-0.0945902
0.000683124
0.00119816
0.000362895
-0.000111162
-0.000209765
0.000680694
0.00119387
0.000361635
-0.000111937
-0.000211147
-0.108245
-0.110353
-0.114393
-0.116348
-0.101295
-0.103507
0.000676325
0.00118607
0.00035932
-0.000112435
-0.00021205
0.000670802
0.00117649
0.000356364
-0.00011276
-0.000212663
0.00066399
0.00116461
0.000352732
-0.00011295
-0.000213006
0.000655764
0.00115024
0.000348349
-0.000112902
-0.000212901
0.684269
0.653091
0.713138
0.679233
0.621091
0.648075
0.591745
0.621142
0.653391
0.620517
0.582969
0.557793
0.745958
0.71344
0.000645794
0.00113282
0.000343037
-0.000112699
-0.000212547
0.0675249
0.0483143
0.0746387
0.053968
0.059547
0.0418646
0.000633713
0.00111173
0.000336596
-0.000112633
-0.000212408
0.801891
0.826373
0.806123
0.831496
0.822418
0.798512
0.0876292
0.0963517
0.0779893
0.00406015
0.0216616
0.011627
0.0313666
-0.00280901
0.0123318
0.225509
0.23169
0.25899
0.265781
0.192927
0.198472
0.795721
0.819614
0.774182
0.770982
-0.126548
-0.123644
-0.125268
-0.128051
-0.124808
-0.121762
0.21842
0.25115
0.186606
0.79386
0.768383
0.817946
-0.128258
-0.129663
-0.126613
-0.0640155
-0.061552
-0.0533421
-0.0545444
-0.0631521
-0.0519096
-0.0596584
0.000619447
0.00108682
0.000328992
-0.000112986
-0.00021298
0.50385
0.537607
0.50409
0.537951
0.503761
0.0426045
0.0550743
0.0830886
0.0682865
0.655958
0.642092
0.69568
0.588824
0.582256
0.000602732
0.00105764
0.000320078
-0.000112853
-0.000212683
0.541378
0.541902
0.504211
0.539819
0.577757
0.502308
0.570859
0.532417
0.537041
0.575146
0.526349
0.564963
0.000583459
0.001024
0.0003098
-0.000111992
-0.000211068
-0.074366
-0.0838791
-0.0842406
-0.0744889
-0.0830729
-0.0738591
1.00063
0.994017
1.02588
1.02952
0.000561494
0.000985667
0.000298086
-0.000111378
-0.000209904
-0.0412474
-0.0340435
-0.0419004
-0.0331766
-0.0394883
-0.0337777
-0.047358
-0.0493039
-0.0443208
0.000536793
0.000942553
0.000284911
-0.000111019
-0.000209198
0.00050933
0.000894618
0.000270264
-0.000110657
-0.00020848
-0.0784376
-0.0693183
-0.0784838
-0.068527
-0.0776143
-0.069296
0.000479166
0.000841964
0.000254177
-0.000110348
-0.000207846
0.767217
0.792993
0.74164
0.738095
-0.0863939
-0.0870816
-0.0848011
-0.103009
-0.109905
-0.10212
-0.108835
-0.103509
-0.110482
0.766558
0.793254
0.73675
0.000446423
0.000784801
0.000236716
-0.000110192
-0.00020749
-0.0269432
-0.0185868
-0.0254497
-0.0151282
-0.0271021
-0.0206873
0.741142
-0.0323171
0.00041129
0.000723459
0.000217982
-0.000110316
-0.000207613
0.175302
0.177538
0.144175
0.144463
0.208047
0.212647
0.949035
0.932626
0.938896
0.922762
0.96141
0.944401
0.000374026
0.000658381
0.000198115
-0.000110747
-0.00020832
0.311602
0.295761
0.263758
0.276489
0.327256
0.346553
0.386823
0.41262
0.442762
0.413698
0.357676
0.380269
-0.0573017
-0.0445452
-0.0416897
-0.0552586
-0.0468132
-0.05888
-0.067155
0.000334945
0.000590112
0.000177285
-0.000112037
-0.000210614
-0.0849122
-0.0934555
-0.0757049
-0.1307
-0.128593
-0.129871
-0.127879
-0.130996
-0.128819
0.000294421
0.000519301
0.000155691
-0.000114136
-0.00021444
0.250707
0.254062
0.29767
0.29719
0.207464
0.212393
0.000252854
0.000446644
0.000133546
-0.000117448
-0.000220376
0.191134
0.200792
0.170403
0.162979
0.232115
0.219875
-0.10136
-0.108261
-0.0935119
0.000210689
0.000372915
0.000111088
-0.000121207
-0.000227307
0.604734
0.603759
0.606497
-0.124514
-0.126451
-0.125895
-0.127915
-0.122937
-0.124784
0.256554
0.257211
0.292019
0.292636
0.221537
0.2222
-0.121402
-0.122783
-0.119914
0.255654
0.291151
0.220643
0.000168337
0.000298835
8.85E-05
-0.000127898
-0.000239552
0.0805205
0.103797
0.10963
0.0848797
0.0745311
0.0962503
0.0584498
0.0614941
0.0538537
0.306722
0.300487
0.342452
0.335806
0.271508
0.265716
0.000126326
0.000225319
6.62E-05
-0.00013784
-0.000258041
0.311904
0.347905
0.276374
8.55E-05
0.000153829
4.45E-05
-0.000153777
-0.000285517
-0.0519363
-0.0502689
-0.059683
-0.0574641
-0.0438013
-0.0425983
0.451737
0.45775
0.444005
0.481037
-0.0525604
-0.0557557
-0.0484226
-0.0448257
0.187226
0.186375
0.187865
-0.0570153
-0.0612295
-0.0519287
4.60E-05
8.45E-05
2.35E-05
-0.000163162
-0.000304676
0.570747
0.0973999
0.129852
0.104533
0.136766
0.120655
0.0886388
7.45E-06
1.70E-05
2.94E-06
-0.000198135
-0.000362775
0.0685327
0.0753437
0.0601889
-0.112328
-0.106075
-2.88E-05
-4.67E-05
-1.63E-05
-0.000205502
-0.000378372
-6.24E-05
-0.000105719
-3.41E-05
-0.000272845
-0.000477357
0.334414
0.306647
0.277867
-9.41E-05
-0.000161339
-5.09E-05
-0.000211944
-0.000393168
-0.0735561
-0.071338
-0.115814
-0.118199
-0.112537
-0.114958
-0.117905
-0.120227
-0.0335682
-0.0358674
-0.0176166
-0.0200277
-0.0479737
-0.0501774
-0.0849581
-0.0756278
-0.000123143
-0.000212322
-6.63E-05
-0.000669234
-0.000846837
-0.0748497
-0.0790666
-0.0789787
-0.083898
-0.0698502
-0.0733596
-0.000149006
-0.000257852
-8.00E-05
0.000477729
0.00168017
0.0256866
0.00490512
-0.11828
-0.121207
-0.114275
-0.115822
-0.0135608
-0.128623
-0.129877
-0.1308
-0.129619
-0.127873
-0.000171996
-0.000298384
-9.22E-05
0.0174332
0.03122
0.936823
0.924118
0.913564
0.957634
0.924834
0.902911
-0.0181914
-0.0265299
-0.0146054
-0.0249923
-0.0203829
-0.0267908
-0.000192148
-0.000333958
-0.000102851
0.180932
0.135193
-0.0334491
-0.0336244
-0.0320694
-0.000209457
-0.000364561
-0.000111984
0.217251
0.289562
0.670049
0.63851
0.669825
0.638841
0.638576
0.671744
-0.000223975
-0.000390288
-0.000119632
0.236528
0.321139
0.896563
0.903448
0.866715
0.871677
0.932875
0.844177
0.817146
0.850537
0.822022
0.837572
0.811801
-0.12345
-0.122728
-0.125396
-0.124761
-0.121351
-0.120541
-0.12294
-0.120944
-0.000235804
-0.000411313
-0.000125849
0.330256
0.435114
-0.000245119
-0.000427924
-0.000130731
0.471746
0.597266
-0.0837597
-0.0841189
-0.0925148
-0.0931396
-0.0742617
-0.0743825
-0.0829555
-0.0913871
-0.0737566
0.0378641
0.0487981
0.0608968
0.0481444
0.0369603
0.0278177
-0.000252067
-0.000440385
-0.000134355
1
1
-0.000256838
-0.00044902
-0.000136824
0.470669
0.595968
1
1
0.330275
0.435092
0.777729
0.804433
0.837998
-0.000259628
-0.000454167
-0.000138244
0.236854
0.321505
-0.106761
-0.101159
-0.108043
-0.102004
-0.0993117
-0.104439
-0.111485
-0.113135
-0.108756
-0.000260609
-0.000456135
-0.000138703
0.217428
0.289813
0.436916
0.47043
0.458606
0.496336
0.401068
0.419073
0.28367
0.248321
0.245221
0.280398
0.250833
0.286285
-0.000259986
-0.000455277
-0.000138313
0.180733
0.13512
-0.000257956
-0.000451931
-0.000137181
0.0173938
0.031128
0.0806564
0.0585895
0.084955
0.0616844
0.10389
0.109732
-0.000254697
-0.000446415
-0.000135399
0.000477243
0.00167642
0.215038
0.19599
0.233341
-0.0687652
-0.0775714
-0.0597433
-0.0618302
-0.00025039
-0.000439045
-0.000133065
-0.000668049
-0.00084495
-0.000245202
-0.000430112
-0.000130266
-0.0002134
-0.000395676
-0.0952163
-0.0955396
-0.10352
-0.103095
-0.0865476
-0.0867719
-1.66E-05
0.0200477
0.0138125
-0.00510906
-0.000239288
-0.000419891
-0.000127087
-0.000273409
-0.000478484
-0.0176461
-0.130224
-0.127768
-0.128543
-0.130841
-0.12667
-0.129283
0.97806
0.958712
0.99479
0.97284
0.962866
0.945366
0.251714
0.248414
0.212655
0.211714
0.292738
0.286407
-0.131581
-0.13205
-0.130777
-0.000232771
-0.000408603
-0.000123588
-0.000206196
-0.000379659
0.142312
0.118966
0.166187
-0.000225807
-0.000396517
-0.000119856
-0.00019869
-0.000363858
0.387316
0.413293
0.414411
0.443489
-0.000218493
-0.000383805
-0.000115941
-0.000163465
-0.000305278
0.756265
0.784326
0.780095
0.730566
0.757671
0.788532
0.721627
0.339463
0.268175
0.920195
0.917156
0.900905
0.904021
0.931751
0.93464
-0.000370751
-0.000153949
-0.000285848
0.924672
0.908574
0.938931
-0.063422
-0.0729272
-0.0640262
-0.0624232
-0.0715288
-0.000357366
-0.000138044
-0.000258406
0.141172
0.195854
0.173865
0.190351
0.21453
0.156512
0.176408
-0.000344034
-0.000128006
-0.000239754
-0.060229
-0.0707206
-0.0589378
-0.0693483
-0.0613946
-0.0719326
-0.0745726
-0.115446
-0.110061
-0.117585
-0.113197
-0.10775
-0.0168756
-0.0325782
-0.0128945
-0.0294798
-0.0354108
-0.0208295
0.39878
0.399285
0.434898
-0.119736
-0.11757
-0.000330508
-0.000121192
-0.000227291
0.892461
0.869193
0.857963
-0.0463235
-0.0440588
-0.048147
-0.000317531
-0.000117461
-0.000220398
-0.000304071
-0.000114206
-0.000214558
-0.000292111
-0.000112121
-0.000210761
0.636647
0.669969
0.635038
0.664694
0.638833
0.673556
0.122644
0.0903675
0.131588
0.0989692
-0.000278361
-0.000110765
-0.00020835
-0.000268191
-0.000110317
-0.000207607
-0.130576
-0.131565
0.291974
0.327678
0.292599
0.32823
0.2911
0.326878
-0.0961182
-0.0999941
-0.100669
-0.104942
-0.0941598
-0.0907403
-0.000252831
-0.000110219
-0.000207532
1.01182
0.98729
1.03296
1.0131
-0.0914308
-0.0955407
-0.0865657
0.0696574
0.0439524
0.0544124
0.031614
0.571953
0.571204
0.538497
0.0226329
0.0130545
-0.000249555
-0.000110319
-0.000207796
-0.0588877
-0.0703929
-0.0723438
-0.0607898
-0.0574508
-0.0686343
0.892932
0.884017
0.869446
0.861698
0.904518
0.914158
-0.0462154
-0.0450111
0.902405
0.877862
0.925089
0.398263
0.344828
0.395373
0.345936
0.339172
-0.000243137
-0.000110664
-0.000208487
0.293112
0.28477
0.973358
0.99366
0.960521
0.939552
1.02534
1.00746
-0.000268484
-0.000111172
-0.00020946
1.02441
0.996595
-0.000297201
-0.000111515
-0.000210149
-0.0989018
0.605721
0.606378
0.605667
-0.000508447
-0.00011201
-0.000211104
-0.0667674
-0.0671661
0.322253
0.324292
0.358456
0.286349
0.288397
-0.0661689
-0.0630976
0.319596
0.355815
0.283737
-0.000687507
-0.000112863
-0.000212698
-0.000113043
-0.000213076
0.333863
0.359905
-0.000676155
-0.000602742
-0.000112727
-0.000212569
0.469566
-0.0971742
-0.10316
-0.0991939
-0.105512
-0.0946631
-0.100272
-0.109206
0.469709
-0.000461911
-0.000112809
-0.000212742
-0.000439007
-0.000113022
-0.000213118
0.13808
0.105764
0.142595
0.110704
0.764031
0.798228
0.795424
0.761866
0.799688
0.764372
-0.00039593
-0.000113061
-0.000213212
0.0764057
0.0815015
1.05625
1.0816
1.05108
1.07459
1.08225
1.05644
0.467802
0.465605
0.767624
-0.000379434
-0.000112877
-0.000212874
0.603385
-0.0944731
-0.0951971
-0.0316813
-0.0180349
-0.0312924
-0.0168211
-0.0321621
-0.0194793
-0.0441298
-0.0444796
-0.0437671
-0.0956546
-0.000358124
-0.000112587
-0.00021232
-0.0664147
-0.0751531
-0.103633
-0.103376
-0.110764
-0.110345
-0.0954133
-0.0957185
-0.000351985
-0.000112113
-0.000211462
0.583338
0.558106
0.591743
0.54079
0.519981
-0.102664
-0.109637
-0.0948638
-0.000346803
-0.000111352
-0.000210107
0.962997
0.975679
0.605805
0.952838
-0.000346513
-0.000106664
-0.000201191
0.433277
0.477676
0.493307
0.444275
0.387179
0.377139
0.393992
-0.000346178
-0.000106408
-0.000200683
0.763164
0.75954
0.797175
0.792255
0.728068
0.724915
-0.113138
-0.114329
-0.111798
-0.10576
-0.0690507
-0.0757722
-0.0794253
-0.0720185
-0.0654274
-0.071396
-0.0613814
-0.0636134
-0.0585964
-0.000347585
-0.000105983
-0.000199918
0.254454
0.289969
0.219471
0.25289
0.217965
-0.000348944
-0.000105365
-0.000198804
0.364451
0.328994
0.328951
0.364423
0.328961
0.364434
-0.0105419
-0.000350882
-0.000104984
-0.000198104
-0.0319937
-0.0162799
-0.000352242
-0.000104621
-0.000197416
-0.000353229
-0.000104813
-0.000197707
-0.129072
-0.130517
-0.13001
-0.131333
-0.127818
-0.129391
0.407649
0.415041
-0.126488
-0.127625
-0.125072
-0.000368936
-0.000104878
-0.000197858
0.420911
1.00476
0.971336
0.191183
0.215032
0.174082
0.195971
0.207613
0.233347
-0.000371202
-0.000106627
-0.000201057
-0.000372701
-0.000108362
-0.000204406
0.388703
0.342749
-0.000373752
-0.000115245
-0.000216951
0.830674
0.832977
0.294313
0.741674
0.231983
0.241759
-0.000374289
-0.000119722
-0.000225739
1.11165
1.10777
-0.109129
-0.110913
-0.104502
-0.106106
-0.112729
-0.114677
-0.000374095
-0.000132923
-0.000250369
0.241132
0.289691
0.294653
0.248462
0.230715
0.281716
-0.121369
-0.122898
-0.118113
-0.119564
-0.000373452
-0.000138716
-0.000262243
0.196963
0.205179
0.185236
1.02934
1.04106
1.02069
1.03414
-0.0468415
-0.0465461
-0.0370557
-0.037276
-0.000373113
-0.000187609
-0.000348883
-0.130604
-0.131795
-0.130801
-0.131884
-0.0461113
-0.0368569
0.837463
0.810981
0.0628696
0.087322
-0.000374022
-0.000220089
-0.000400231
0.11348
0.332815
0.305554
0.354861
0.384507
0.325467
-0.000373451
-0.000193461
-0.00034797
-0.0859947
-0.0761842
-0.0869053
-0.0776282
-0.0843675
-0.074296
-0.0777339
-0.128592
-0.131077
-0.130633
-0.0869041
-0.000699353
-0.000420395
-0.000393237
-0.000653018
-0.00051502
-0.000303136
-0.000370566
-0.0945986
-0.0951055
-0.0932351
-0.00029878
-0.000170046
-0.000368372
0.82675
-0.0414216
-0.0360856
-0.0453768
-0.0389348
-0.0366637
-0.0324021
-0.0461342
-0.0404003
-0.000269197
-0.000153879
-0.000366975
-0.000242701
-0.000137543
-0.000365587
-0.116767
-0.11638
-0.110764
-0.116852
0.0487498
0.0608552
0.060478
0.0744301
0.0378223
0.0481083
0.0369058
0.0468182
0.0277705
-0.000248866
-0.000141277
-0.000364299
-0.0735486
-0.0808832
-0.0725238
1.05536
1.0826
1.04965
1.07094
1.07418
1.04123
-0.000252256
-0.000142933
-0.000363465
0.295614
0.25174
0.210509
0.512997
0.517803
0.418495
-0.000267553
-0.000151991
-0.000363389
-0.124202
-0.119577
0.161479
0.166359
-0.000277469
-0.000157542
-0.000364359
0.155943
-0.00029125
-0.000165517
-0.000368056
-0.000303297
-0.000172359
-0.000374421
-0.127646
0.24892
0.219966
0.205917
0.232507
0.385142
0.360513
0.851833
0.878555
0.887762
0.859641
0.869878
0.844268
-0.000316857
-0.000180143
-0.00038413
0.975656
0.971132
0.962084
0.982388
0.978646
0.327897
0.295625
0.30784
0.3413
0.281982
0.312861
0.981978
0.987772
-0.000329886
-0.000187575
-0.000395855
0.153967
0.154555
0.15319
-0.000343469
-0.000195357
-0.000416399
0.0279994
0.0365035
0.019705
-0.000356831
-0.000203005
-0.000447572
0.556629
0.518606
0.993876
0.977358
0.545855
0.508048
-0.000370267
-0.00021072
-0.000490219
-0.000383334
-0.000218219
-0.000524381
0.162892
0.171581
0.191572
0.201445
0.135365
0.142877
0.15346
0.18082
0.127233
-0.000396023
-0.000225514
-0.00060935
0.915401
0.930091
-0.000408092
-0.000232465
-0.000631667
0.892192
0.918979
0.997793
0.964149
0.807638
0.793954
-0.113336
-0.115486
-0.110041
-0.000419376
-0.000238979
-0.000743311
-0.0467612
-0.0372165
-0.0374377
-0.0470582
-0.0464395
-0.0369741
0.83807
0.808245
0.804462
0.777448
0.948226
1.03288
0.362854
0.363526
-0.000429607
-0.000244903
-0.000582457
0.21366
0.210785
-0.0574376
-0.0640191
-0.0668476
-0.0502305
0.216016
-0.000438535
-0.000250091
-0.000648456
0.250891
-0.0989547
0.248381
0.0127555
0.0209487
0.00493695
-0.0004459
-0.000254399
0.00464362
0.43484
-0.00416753
0.00208824
-0.00983847
0.434899
-0.0989263
-0.0916854
-0.101322
-0.094073
-0.09651
-0.0892438
-0.105366
-0.102962
-0.000451423
-0.000257666
0.0521545
-0.000454782
-0.000259707
0.235179
-0.000455674
-0.000260356
0.369043
-0.000453719
-0.000259383
0.416537
-0.128349
-0.128662
-0.101463
-0.0947617
-0.102905
-0.0961617
-0.100042
-0.0934761
-0.107359
-0.10887
-0.105811
-0.000448574
-0.000256592
0.546847
-0.000439929
-0.000251813
0.718355
-0.108297
-0.113743
0.289912
0.325756
0.288335
0.324222
-0.00042745
-0.000244853
-0.0903781
-0.0888709
-0.099164
-0.0807592
-0.0793423
0.167419
0.152197
0.191187
0.174099
0.144031
0.130605
-0.0915582
-0.100307
-0.0819772
0.18205
0.207606
0.156949
-0.000410828
-0.000235531
0.716903
0.546766
-0.0505255
-0.0523963
-0.0414503
-0.0429978
-0.000389768
-0.000223671
0.416915
-0.0435596
-0.0501576
-0.0403361
-0.046057
-0.0462884
-0.0536665
-0.000364055
-0.000209156
0.369385
-0.000333491
-0.000191872
0.234723
0.781389
-0.00029794
-0.000171732
0.0519609
0.116777
0.130592
0.136511
0.152184
0.0976319
0.109645
0.102716
0.120561
0.0854175
-0.000257426
-0.000148757
0.00463195
-0.0903024
-0.0882134
0.256515
0.255608
-0.0920215
0.257178
-0.014056
-0.00916225
-0.0279233
-0.0245522
-0.000211908
-0.000122904
-0.00064567
0.100729
0.0825602
-0.000160941
-9.39E-05
-0.000586523
0.431323
0.428909
0.67845
0.674178
0.766208
0.582716
0.589386
-0.0888162
-0.000105339
-6.22E-05
-0.000745473
-4.63E-05
-2.86E-05
-0.000633907
-0.0534706
-0.052819
-0.0538004
1.73E-05
7.63E-06
-0.000611343
0.558066
-0.077636
-0.0869187
-0.0774318
-0.0776092
-0.0868462
-0.0496914
-0.0507651
-0.0311577
-0.048523
-0.000525527
-0.0160617
-0.000490829
-0.000448184
-0.119331
-0.117333
-0.118823
-0.116535
-0.000416749
-0.000395855
0.278113
-0.0573244
-0.0474199
-0.047139
-0.0570185
-0.0476933
-0.0576439
-0.000384195
0.987733
0.984771
-0.118803
-0.118505
-0.121039
-0.120635
-0.116467
-0.116274
0.991982
-0.000374649
-0.112617
-0.107693
-0.000368343
-0.0815922
-0.085882
-0.000364452
0.855031
0.861854
0.849508
-0.000363399
-0.000363551
0.434963
0.469912
0.3997
0.399752
0.434986
0.470125
0.399565
-0.000364235
0.29352
0.293466
0.293476
-0.0702667
-0.0713071
-0.0784351
-0.0796064
-0.061787
-0.0627302
-0.000365608
-0.000367411
0.176376
0.195817
0.217516
0.156492
-0.000368788
0.156468
0.173814
0.138598
-0.0423139
-0.0518132
-0.042962
-0.0413611
-0.0504209
-0.000370635
0.0783945
0.109912
0.0669042
0.0971161
-0.100381
-0.101279
-0.108458
-0.107298
0.167416
0.182057
-0.000373476
0.0511958
0.0414515
-0.0989299
-0.105539
-0.000374177
-0.000373372
-0.000373771
-0.0155576
-0.0164384
-0.0201089
-0.0222845
-0.0105894
-0.0100875
-0.000374462
-0.00037465
-0.00037412
0.156231
0.207121
0.179128
0.231891
0.131959
0.180732
0.114688
0.135041
0.0931078
-0.000373156
-0.000371737
0.399661
0.434921
0.399513
0.434928
0.981404
0.987191
0.986649
0.980659
0.98273
0.988158
-0.000369522
1.0216
0.996174
-0.00035379
-0.0474804
-0.0380376
-0.0478204
-0.0382593
-0.0377284
-0.0470116
0.892903
1.05578
1.04371
-0.000352822
-0.126816
-0.124333
-0.000351544
-0.000349629
-0.00034838
0.263671
0.274764
0.251339
-0.000347147
-0.107281
-0.110709
-0.102845
-0.000347578
0.156766
0.165633
-0.000348021
-0.000353437
-0.000359481
-0.121363
-0.120485
-0.116254
-0.115376
-0.124656
-0.125436
1.10664
1.13875
1.139
1.09282
1.12617
-0.100515
-0.0941278
-0.108438
-0.105962
-0.000380573
1.04957
1.02664
0.922938
0.91486
0.896688
0.930922
0.939234
-0.000396717
0.591305
0.513343
0.503026
0.034935
0.0278431
0.014114
0.0196299
0.0422527
0.0510044
-0.000439309
0.025046
0.00919881
0.0129391
0.0300933
0.00518733
-0.0469913
-0.0556311
-0.0488664
-0.0577639
-0.0451361
-0.0536511
-0.000461999
-0.0919281
-0.0930317
-0.0905725
-0.000602322
-0.0837233
-0.0847092
-0.000675283
-0.093363
-0.100798
-0.0851749
-0.084084
-0.111136
-0.113666
-0.113341
-0.115817
-0.10783
-0.11037
-0.128524
-0.0943713
-0.102014
-0.085986
-0.0659277
-0.070151
0.399221
0.434826
0.398707
0.434527
0.0128216
0.00908819
0.0249408
0.0299806
-0.0031969
-0.00572589
-0.00109846
-0.000824227
-0.0227747
-0.000496919
-0.000447028
-0.125515
-0.12513
0.802103
0.66915
0.790753
0.675683
0.814784
0.660145
-0.00040712
-0.129736
-0.128863
-0.129835
-0.130778
-0.128422
-0.127639
-0.127984
-0.0010498
0.0160135
0.149742
0.179491
0.121467
0.126742
-0.000416962
0.871666
0.905531
0.115648
-0.033269
-0.000423575
-0.0445623
-0.0431148
-0.0543248
-0.0525502
-0.0350463
-0.0339295
-0.000448005
-0.0458885
-0.0558613
-0.0361571
-0.00046486
0.866893
0.842716
-0.000487452
-0.0597043
-0.0693602
-0.0610383
-0.077414
-0.000507622
-0.000530052
-0.0185597
-0.000551755
-0.0307049
0.994928
1.0047
0.99026
1.00137
0.997853
1.00603
-0.12623
-0.128239
-0.126193
-0.124199
-0.129702
0.98769
0.981855
0.991976
-0.000574266
-0.0575723
-0.0621446
-0.0643821
-0.0706961
-0.0729396
-0.0281704
-0.0283357
0.254403
0.252836
-0.000596434
-0.00061865
-0.000640253
-0.0840774
-0.0933094
-0.0836783
-0.0930699
-0.119124
-0.118227
-0.116796
-0.000661193
-0.116601
-0.000681068
-0.000699595
0.328596
0.363911
0.364183
0.29303
0.328825
0.364341
0.293309
-0.000716334
-0.000730872
-0.0381792
-0.028917
-0.028728
-0.0379733
-0.0290658
-0.038339
-0.0639928
-0.000742768
1.12859
-0.000751562
0.232443
0.258666
0.249074
0.238407
0.214483
-0.000756713
0.20579
0.190292
-0.0484441
-0.050883
-0.0408973
-0.0422701
-0.0551796
-0.0363675
-0.038385
-0.0339522
-0.00075771
-0.000753952
-0.000744867
0.678946
0.57095
-0.0434101
-0.0402796
-0.000729923
0.0197017
0.0277781
-0.0460607
0.00106274
0.00747532
-0.00508528
-0.000708579
0.13571
0.113437
0.128196
0.11724
0.138115
0.0953848
0.0642015
-0.0808932
-0.0765371
-0.112348
-0.116345
-0.119092
-0.114992
-0.109059
-0.112762
-0.000680325
-0.067896
-0.0679489
0.261759
0.284242
0.284633
0.309687
0.238652
0.258978
-0.067724
-0.000644689
-0.000601306
-0.113768
-0.11951
-0.1149
-0.1205
-0.118054
-0.000549854
-0.104981
-0.101091
-0.112391
-0.108232
-0.00049012
1.02639
-0.000422141
-0.100376
-0.101862
-0.0989217
-0.0938657
-0.0951646
-0.0925462
-0.000345902
-0.000260711
-0.000167714
0.244453
-0.0325011
-0.0431239
-0.0327517
-0.0209066
-0.0223337
-6.88E-05
0.999427
1.00569
-0.103755
-0.0399763
-0.0384081
0.994998
-0.0684583
-0.0689812
-0.0605515
-0.0608216
-0.0769012
-0.076164
3.72E-05
0.541026
0.541676
-0.0377135
0.000149239
-0.0510114
-0.0560281
-0.0611176
-0.0452886
-0.0375028
0.000264536
0.121343
0.109655
0.132602
0.0624883
0.071028
0.0794208
0.089677
0.0471447
0.0540201
0.00038354
0.0538315
0.0690081
0.040191
-0.0759647
-0.0824303
0.986477
0.980421
0.000505689
0.000628689
0.451166
0.505368
0.513578
0.454103
0.396389
0.394579
1.00789
0.990689
0.975655
1.00243
-0.0822385
-0.0878666
0.986973
0.000751058
-0.0927031
-0.0881013
0.000871599
0.341808
0.34357
0.000989033
0.145284
0.0011022
0.00121006
-0.104331
-0.110367
-0.0975777
0.00131169
0.00140637
0.00149358
-0.119454
-0.123631
0.00157296
-0.032824
-0.0322277
-0.0331929
0.00164435
0.00170783
-0.00064104
0.00176356
-0.000583779
-0.115877
-0.120933
-0.121736
-0.116605
-0.114683
-0.119607
0.306487
-0.0728265
-0.0816615
-0.0633365
-0.0639393
-0.07143
-0.0798325
-0.0623391
0.0018119
0.363469
0.362789
0.00185319
-0.0148929
-0.010085
-0.0192015
-0.0137274
-0.0100396
0.00188816
-0.0313041
0.00508548
0.0195334
-0.0170864
0.00191708
-0.0289878
-0.0287967
0.944713
0.943187
0.947383
0.00194095
0.00196062
0.00878572
0.0209057
0.0336343
0.00197657
-0.0608308
-0.0641031
0.156519
0.138637
0.136536
0.120596
0.00198986
0.666707
0.0197449
0.0129739
0.0117333
0.00661695
0.0195685
0.0280348
0.00199693
0.00200093
0.1006
0.138907
0.159091
0.204238
0.0608976
0.0911415
0.00200416
1.10561
1.08689
1.10524
-0.0480523
-0.0481716
-0.0578656
-0.0580669
-0.03845
-0.0384014
1.13659
1.15906
1.10277
1.16591
1.17717
0.890639
0.886115
-0.10738
-0.108812
-0.0482011
-0.0581522
-0.0384524
1.10244
1.07214
0.0020045
0.840562
-0.0059473
-0.0084656
-0.016258
-0.0152127
-0.000113783
0.00395776
0.00200424
-0.0925584
-0.0990144
-0.101892
-0.0951476
-0.0894993
-0.00266333
0.00113654
0.00200109
-0.085153
-0.087461
-0.0824962
-0.0640323
-0.0620448
-0.0291678
-0.020638
-0.0205452
-0.0206832
-0.0292098
-0.065908
0.00199717
0.034536
0.01652
0.0346477
0.064399
0.00199017
-0.0914193
-0.097715
-0.0938145
-0.100195
-0.0890667
-0.0952573
-0.0843137
-0.0866781
-0.0820936
0.00197695
0.00196106
0.00194144
-0.108591
-0.105274
0.00191761
-0.110834
0.00188872
0.152191
0.18527
0.150932
0.183868
-0.0273658
-0.0268526
-0.0355247
-0.0347007
-0.0196491
-0.0193364
-0.0278061
-0.0362252
-0.0198999
0.00185377
0.900698
0.931583
0.00181247
0.00176413
-0.0299359
0.00170838
0.00164486
0.530415
0.553686
0.499855
0.00157342
-0.0448016
-0.0535447
-0.0452903
-0.054254
-0.0445013
-0.0529464
0.00149399
0.00140672
-0.0965047
-0.0674709
-0.0772027
-0.0572533
-0.0575146
-0.0316857
-0.0388486
-0.0325341
-0.0300485
-0.0360114
0.00131197
0.153441
-0.0741592
-0.0736312
-0.0238017
-0.0233604
-0.0234598
0.00121026
0.00110234
-0.104467
-0.107584
0.821493
-0.0601307
-0.0685263
0.000989089
-0.0659774
0.000871575
-0.106977
-0.0968354
-0.108181
0.000750949
1.01909
1.00287
1.01438
0.997318
1.02044
1.00588
1.04053
1.03582
1.04045
0.000628489
0.0395597
0.0200522
0.00050539
-0.0255259
-0.0185969
-0.019005
-0.0262415
-0.0181354
-0.0247178
0.000383158
-0.124857
-0.125388
-0.121143
-0.120705
-0.109842
-0.102883
-0.0363702
-0.0361759
-0.110497
-0.103412
0.00026409
-0.0763241
-0.082642
-0.0692624
-0.0360033
-0.0845096
0.000148731
-0.0968729
-0.103118
3.67E-05
-0.0161608
-0.0312614
-0.0450745
-0.0279966
-6.94E-05
1.0611
1.06684
-0.000168355
0.779154
-0.000261377
-0.0601545
-0.0620762
-0.0686929
-0.0706819
-0.0516321
-0.0534133
0.291389
0.401815
0.332495
0.437271
0.243286
0.358415
-0.000346583
-0.0734884
0.203414
0.244189
0.158402
-0.000422833
-0.0204213
-0.0900499
-0.0888383
-0.0945465
-0.0960131
-0.0824411
-0.0833715
-0.000490832
-0.0337152
-0.0411544
-0.032592
-0.0395028
-0.0346848
-0.0425753
-0.0202446
-0.000550602
0.268434
0.216756
0.170986
-0.000602114
0.336231
-0.0843852
-0.000645533
0.94606
0.936594
0.961152
-0.0262251
-0.0273073
-0.0337014
-0.0349407
-0.0195214
-0.0203695
-0.00068114
-0.000709382
-0.00073071
1
0.992202
0.912777
0.959774
0.887601
1.0273
0.941317
-0.000745643
1
-0.0671253
-0.0764284
-0.0676123
-0.0770786
-0.000754736
-0.000758514
-0.000757555
-0.0413457
-0.000752416
0.187197
0.221503
0.187841
0.222172
0.186341
0.220604
-0.000743625
-0.00210914
-0.000731709
0.358375
0.355732
0.392191
0.394755
0.32218
0.319521
0.36035
0.396599
0.122725
0.0823845
0.153888
0.108676
0.0571591
-0.000717154
-0.10369
0.0523135
0.0734099
0.0332024
-0.000700418
-0.000681884
-0.070598
-0.0692209
-0.060126
-0.0588308
0.991437
0.991323
-0.000661991
-0.0718143
-0.0612946
-0.0311108
-0.0303892
-0.0411281
-0.0402695
-0.0219063
-0.0213483
-0.0317599
-0.0418814
-0.0224184
-0.000641029
0.122154
0.121475
0.153943
0.153162
0.0924181
0.0918602
0.122672
0.154535
0.0928444
-0.00061945
-0.0516528
-0.000597311
-0.0084433
-0.0285193
-0.0203241
-0.0201326
-0.028203
-0.0204614
-0.0287705
-0.025301
-0.0175671
-0.0169433
-0.0244422
-0.0182073
-0.026179
-0.000575199
0.375383
0.393489
0.427001
0.407201
0.360351
0.343808
1.09781
1.0909
1.0662
1.0601
1.13004
1.12707
-0.000552803
0.355364
0.325907
-0.0680444
-0.0603951
-0.000531219
-0.000508954
-0.000488914
0.394844
0.0803912
0.105978
0.0508254
0.0716973
0.120601
0.151556
0.392282
-0.000466365
-0.000449112
-0.000424562
-0.000418123
-0.000407871
-0.000445953
-0.000494376
-0.000814032
-0.00108
-0.00108054
-0.000987096
-0.00077371
0.0144548
0.118519
0.143328
0.127216
0.153439
0.109315
-0.000732183
-0.0253574
-0.0326567
1.13578
-0.103302
-0.000661443
-0.0966214
-0.029119
-0.000632677
0.991797
0.992442
-0.114714
-0.115719
0.388232
0.325918
0.25175
-0.00059891
0.0389937
0.0261756
0.0223809
0.0337126
0.0299104
0.0441769
-0.000588419
0.517907
0.452647
-0.123147
-0.125102
-0.122423
-0.124467
-0.122639
-0.124493
-0.000580123
0.933182
0.949766
0.992456
0.993461
0.988179
0.98968
0.995685
0.996276
-0.000579278
0.111939
0.991806
0.987205
0.995304
-0.0980515
-0.0917534
-0.103447
-0.000578875
-0.00363437
-0.00914035
-0.00309794
-0.00834637
-0.00381994
-0.00983104
-0.00287931
-0.00780512
-0.00263998
-0.00741195
-0.00058127
0.452718
-0.0100337
-0.0163819
-0.00251753
-0.00715395
-0.00320652
-0.00241683
-0.00698284
-0.00237412
-0.00687254
-0.000583569
-0.101355
-0.109059
-0.100476
-0.108254
-0.101792
-0.109343
-0.0023482
-0.00682539
-0.00234284
-0.00681933
-0.00234382
-0.00683504
-0.000586729
-0.00235175
-0.00686542
-0.00236083
-0.00690232
-0.0023712
-0.00694012
-0.000588944
-0.00237951
-0.00697323
-0.00244094
-0.00704157
-0.00249447
-0.00712011
-0.000590969
-0.00250153
-0.00716813
0.120634
0.121498
-0.00251053
-0.00719893
0.119553
-0.0025169
-0.00721536
-0.000617196
0.305258
0.463761
0.502294
0.188961
-0.00251914
-0.00721802
-0.00251744
-0.00720684
-0.00062059
1.13232
1.10242
1.06451
1.13769
1.15388
-0.00251085
-0.00718108
-0.00250292
-0.00714371
-0.00250036
-0.00709822
-0.000622954
-0.00249247
-0.00705404
-0.00247552
-0.00700551
-0.00245944
-0.0069413
-0.000624671
-0.00244451
-0.00686944
-0.00242671
-0.00679107
-0.00240782
-0.00670531
-0.000625448
-0.013291
-0.0132459
-0.00239065
-0.00660946
-0.0131758
-0.00237509
-0.00650892
-0.00236682
-0.00640916
-0.00062515
1.06163
-0.00237152
-0.00630296
-0.00238526
-0.00619787
-0.000624011
-0.0559297
-0.0460059
-0.05539
-0.0565363
-0.00240778
-0.00607235
-0.00243854
-0.00589347
-0.00249835
-0.0056361
-0.000623196
-0.0897086
-0.00257447
-0.00527552
-0.0874321
-0.00262493
-0.00475516
0.0334898
0.0145011
-0.00261003
-0.00371337
-0.000624492
0.00416045
-0.00241681
-0.00155611
-0.00172462
0.00284504
1.03194
1.04289
1.01938
1.02651
1.0492
1.0649
-5.55E-05
0.0119098
-0.000623323
-0.000582889
0.00556056
0.0310144
0.0236881
0.072873
0.0877745
0.16563
-0.000618415
-0.00102971
0.254989
0.34445
0.551285
0.628826
0.947647
0.894469
-0.0006146
-0.000612076
-0.0870159
-0.0867229
-0.0958315
-0.0871007
1.16432
0.899095
0.914832
0.898507
-0.000609609
-0.0257093
-0.0210577
-0.000607166
-0.0295112
0.981257
1.12745
0.863767
1.0924
1.05725
1.12998
1.02482
0.743194
-0.000605344
1.00008
1.00443
1.00021
1.00284
0.997051
0.998401
0.557047
0.948587
0.630068
0.898618
-0.000604575
0.0177826
0.0110059
0.014752
0.0230474
0.00735342
0.0126287
-0.000605525
1.01085
0.995548
-0.000610944
-0.000620765
-0.0485442
-0.0409951
-0.000635454
-0.000653764
-0.114057
-0.113966
-0.0880033
-0.0927888
-0.000685655
-0.000734363
-0.0584324
-0.0500343
-0.000796564
-0.0667547
-0.0327748
-0.0232591
-0.0228734
-0.0323203
-0.0235623
-0.033105
-0.000853328
-0.0575177
-0.000964054
-0.0268511
-0.0277435
-0.0200018
-0.0203082
-0.0280512
-0.0198475
-0.027738
1.02984
0.742943
-0.000985824
-0.00108675
-0.0122686
-0.0120486
1.09556
0.862722
1.12088
0.980623
-0.0124667
-0.000720534
-0.1094
-0.110113
1.13119
1.05674
0.000275243
1.07984
1.07756
1.01902
1.00664
1.01551
1.00607
1.03623
1.02936
0.0111702
0.928789
-0.0876781
-0.0931343
-0.0815593
0.0828739
0.299276
0.455424
0.118009
0.133804
0.157299
0.174229
0.521598
-0.0774232
-0.0695253
0.662712
-0.0743894
-0.0670712
-0.0291969
0.830023
-0.0754699
0.828528
0.662567
0.0625026
0.0794373
0.0710365
0.0896866
0.0538515
0.0690314
0.521942
0.109303
0.0850472
0.0902358
0.378589
0.38427
0.371559
0.102458
0.0794679
-0.110861
0.455848
-0.112857
-0.115266
-0.0455248
-0.0546744
-0.044853
-0.0538747
0.298334
1.07791
1.06994
-0.0188103
0.0825069
0.0111351
0.32582
0.326936
-0.0525343
-0.0531776
-0.0632314
-0.0638405
-0.0425676
-0.0419423
0.000276323
0.664149
0.673047
0.347325
0.25658
-0.00072641
0.216066
-0.0319818
-0.0247381
-0.0396457
-0.0405505
0.213712
-0.0506832
-0.0496064
-0.0516418
-0.0623084
-0.0574583
-0.0569804
-0.067061
-0.0664029
-0.0477679
-0.0474358
0.16748
0.0882376
-0.00109074
-0.0577875
-0.0675259
-0.0479836
0.0740888
0.0237759
-0.000989557
0.0464603
0.0312017
0.00559371
-0.000967517
-0.0114739
-0.0188538
-0.0119025
-0.0110523
0.199451
0.0257807
0.154111
0.134811
0.183617
0.0118693
-3.05E-05
-0.00085544
-0.0934386
-0.100875
-0.0920788
-0.0992517
0.0557265
0.0894471
0.00286965
-0.00170731
-0.000797704
0.0319849
-0.0188323
-0.0172613
-0.0251437
-0.0227939
-0.012733
-0.0117863
-0.0456908
-0.0201675
-0.0271652
-0.0135266
-0.0015331
-0.00240399
-0.000735361
-0.0464055
-0.0106426
-0.00369464
-0.00260232
-0.000686227
-0.0131333
-0.0130273
-0.00474451
-0.00262142
-0.000653788
-0.0132085
0.864142
-0.0141738
-0.021276
-0.00526463
-0.00257106
-0.00063554
-0.0442433
-0.0525475
-0.0360407
-0.00562527
-0.00249588
-0.000621067
-0.107978
-0.105589
-0.10682
-0.109158
-0.103309
-0.105712
-0.0058892
-0.00243724
-0.000611366
-0.075785
-0.0751369
-0.0677156
-0.0681271
-0.0821057
-0.0830557
-0.00607083
-0.002406
-0.000605682
1.09541
1.06364
1.13501
1.16091
-0.00619821
-0.00238282
-0.00060458
-0.106565
-0.104563
-0.10647
-0.108612
-0.101658
-0.103492
-0.00630543
-0.00236917
-0.000605462
0.242176
0.232172
0.263622
0.274707
0.210355
0.201406
-0.0102543
-0.0163454
-0.00640449
-0.0023656
-0.000607051
0.251093
0.284533
0.21837
-0.0926233
-0.093214
-0.000609604
-0.0917157
-0.0065046
-0.0023751
-0.00660565
-0.00239035
-0.000612718
-0.00670326
-0.00240775
-0.000615249
1.09626
1.12211
-0.00679032
-0.00242595
-0.000618542
0.706727
0.671351
0.700762
0.676292
-0.00686659
-0.0024421
-0.0637483
-0.0631369
-0.053102
-0.0524569
-0.000623367
-0.0641091
-0.0535489
-0.0274175
-0.027412
-0.035573
-0.0357203
-0.0197178
-0.0196181
0.0126514
0.00765556
0.00736998
0.00384016
-0.00693744
-0.0024571
-0.000624729
-0.0534003
-0.053729
-0.0432767
-0.0433952
-0.0527498
-0.0429072
-0.007001
-0.00247468
-0.105099
-0.10082
0.0951406
0.0874275
-0.000623594
0.102444
-0.0374862
-0.0365639
-0.0444041
-0.0449884
-0.0300599
-0.0289483
-0.00704984
-0.00249179
-0.0706523
-0.0788193
-0.000624501
-0.00709415
-0.00249914
-0.128714
-0.130012
-0.127161
-0.000625737
0.68281
-0.129147
-0.00713859
-0.00250112
-0.000626056
0.929554
-0.019867
-0.0127114
-0.0127813
-0.0199824
-0.012642
-0.0197554
-0.00717485
-0.00250872
-0.000625291
0.0630208
0.0670721
-0.00719923
-0.00251497
0.727742
0.727834
0.689834
0.690429
0.0586746
0.0159045
0.0134277
-0.000623693
0.0183496
-0.00720946
-0.00251648
-0.000621457
-0.0289565
-0.0205662
-0.0206361
-0.0290836
-0.0275482
-0.0323401
-0.00720675
-0.00251419
-0.0222258
1.04456
1.02718
-0.000618159
0.699146
0.723155
0.730193
0.67746
-0.00718971
-0.00250757
0.72044
0.694878
-0.000591911
0.729669
0.765963
0.691569
0.692
-0.00715798
-0.0024982
-0.000589923
-0.0776819
-0.0773596
-0.00710876
-0.00249079
-0.000587836
-0.00702932
-0.00243719
-0.000584727
-0.00696074
-0.00237566
0.724574
0.687657
0.760684
0.00285516
-0.000582599
-0.00692635
-0.0023668
0.727649
0.69012
-0.000580472
0.986656
0.980668
0.981423
0.991442
-0.00688781
-0.00235595
0.640068
-0.000581051
-0.00684964
-0.00234619
-0.0366797
1.07646
-0.000582138
-0.000590792
-0.00681712
-0.00233736
-0.00679904
-0.00233562
-0.000601147
-0.00680256
-0.00234017
0.687506
0.694208
0.705694
0.241426
0.413723
0.130856
-0.000634583
1.16077
1.12416
1.17546
1.14996
1.08623
1.12296
-0.00684728
-0.00236483
-0.00066279
0.65255
0.650201
-0.0291398
-0.0206533
-0.020657
-0.0291705
-0.00691664
-0.00240755
1.15312
1.16905
-0.000732765
0.646389
-0.0856884
-0.0916976
0.983523
0.97422
-0.00711359
-0.00250896
0.0648844
0.0643493
0.0911519
0.065306
0.706332
-0.000773958
-0.00735713
-0.00263278
-0.0262471
-0.0189946
-0.000986642
0.686157
0.689235
0.682258
-0.00775733
-0.00287387
-0.0351299
-0.036236
-0.0445786
-0.0459913
-0.0262419
-0.0271175
-0.00361034
-0.00872685
-0.00107932
-0.0253677
-0.0176113
-0.0182505
-0.0244283
-0.0169895
-0.00826943
-0.003094
0.712222
0.721218
0.53243
1.02033
1.03198
-0.00908722
-0.0036321
1.01226
-0.00164765
-0.00125764
-0.106008
-0.112218
-0.114302
-0.109896
-0.103627
-0.00980868
-0.00382237
0.729337
0.766743
0.690895
-0.0866581
-0.0860842
-0.0869905
-0.000794216
0.726118
0.763229
0.68766
-0.0286421
-0.0299241
-0.0364847
-0.0381341
-0.021351
-0.0223763
-0.000715661
-0.0641993
-0.0536228
-0.0538407
-0.0642732
-0.000658981
0.974477
0.00604997
0.00847137
0.964591
0.00369757
-0.000674052
0.698605
-0.000686212
-0.114914
-0.117019
-0.11241
-0.114368
0.00406433
0.00875609
0.682709
0.674426
0.721339
0.712282
0.643427
0.635588
-0.077791
-0.07775
-0.0647528
-0.063167
-0.0708163
-0.0725588
-0.0553025
-0.0566533
-0.000723545
0.0849536
0.102651
0.116575
0.0969961
0.0726624
0.0884834
-0.000751138
0.687838
0.652106
0.648979
0.726673
0.0676628
0.0779047
0.0571828
0.956089
0.965942
0.964776
0.95473
0.968002
0.958478
-0.106223
-0.104215
-0.10131
-0.103151
-0.106122
-0.108269
-0.113003
-0.000786764
-0.00081931
-0.000855024
0.751407
-0.000889829
0.00448667
0.749502
0.746007
-0.000925735
-0.00096114
0.717209
0.0348446
0.0417656
-0.0149473
-0.0146603
-0.0151851
-0.000996499
0.740376
-0.0201072
-0.0128639
-0.0129263
-0.0202103
-0.00103087
0.759927
0.750136
-0.00106411
0.758672
-0.00109559
-0.0852507
-0.0841404
0.648754
-0.00112484
-0.0622434
0.642873
0.120591
0.136464
-0.00115115
-0.0654602
-0.064624
-0.00117387
1.07639
1.04904
1.11157
-0.0130218
-0.0128087
-0.0133728
-0.00119228
0.801532
0.329019
-0.0288393
-0.0201718
-0.0207897
-0.0296601
-0.0195375
-0.0279884
0.0471568
0.0402077
-0.00120565
0.0540275
-0.00121311
0.652904
-0.00121382
-0.0415823
-0.0363665
0.0918777
0.0648971
0.065317
0.0924333
0.0643635
0.0911714
-0.00120686
-0.0360307
-0.0052877
-0.00259083
-0.00318793
-0.00546093
-0.00494598
-0.00189039
-0.0011913
1.02341
1.10698
0.982741
1.06977
1.06846
1.14105
-0.00485179
-0.00174211
-0.0011663
0.0301899
0.0137605
-0.0139718
-0.0135852
-0.00490942
-0.00166389
-0.001131
0.62378
0.585301
0.59615
0.661435
-0.00507041
-0.00170146
-0.0010846
0.772152
0.776168
0.951381
-0.00522758
-0.0017435
-0.00102636
-0.0393253
-0.00542602
-0.00182348
-0.000955691
-0.0382174
-0.0380019
-0.0383442
-0.00563745
-0.00189466
-0.000872095
0.791994
0.647163
-0.00586461
-0.0019782
-0.000775262
-0.0278327
-0.0199258
-0.0201476
-0.028222
-0.0196632
-0.0273805
-0.00609724
-0.00205924
-0.00066524
-0.0430436
1
1
-0.0970135
1
1
0.653688
-0.00633586
-0.0021451
-0.000542119
0.60429
-0.0326161
-0.0210175
0.00982143
0.00143184
-0.0432424
-0.00264313
-0.00797983
-0.0132187
-0.0132711
-0.0204813
-0.0205823
-0.00657577
-0.00223025
-0.000404818
-0.0133023
-0.0206602
-0.0650727
-0.0635901
-0.0556645
-0.0568967
-0.0712274
-0.0729455
-0.00681587
-0.00231684
-0.000255065
0.651548
0.257646
-0.0315834
-0.0244569
-0.00705289
-0.00240245
-9.57E-05
-0.0809009
-0.0904124
-0.0793838
-0.0888508
-0.0821153
-0.0391358
-0.00995922
-0.0104612
-0.0133079
-0.0145372
-0.00728446
-0.00248717
7.48E-05
0.614833
0.61346
-0.010871
-0.0155213
-0.00750718
-0.00256931
0.000254557
0.611364
0.765162
-0.0744983
-0.0671668
-0.0641221
-0.0707952
-0.0696224
-0.077534
0.606691
0.569315
0.643482
-0.0986226
-0.0921913
-0.002728
-0.00638896
-0.0095178
-0.0083634
-0.00177145
0.00540725
-0.104195
-0.00771777
-0.00264809
0.000439423
0.60933
-0.00791236
-0.00272208
0.000630284
0.607527
0.799411
-0.00808685
-0.00278998
0.000825968
-0.00760187
-0.00720533
0.803211
-0.00791896
-0.00823668
-0.00285014
0.00102286
-0.0686462
-0.0604905
0.2104
-0.0765373
-0.008357
-0.00290094
0.00121865
0.586213
0.620205
0.161439
0.155906
0.19288
0.186562
0.131435
0.126712
-0.00844267
-0.00294058
0.0014114
0.64196
0.608903
0.611905
0.166316
0.198422
0.135617
0.60772
0.643755
0.570434
0.00159911
0.592194
0.589272
-0.103462
-0.104735
-0.0084882
-0.00296719
-0.00848786
-0.00297869
-0.0745372
-0.0674418
-0.101174
0.00177992
-0.0812063
0.0425178
0.0424948
0.0661571
0.0661248
0.023046
0.0230327
0.0424964
0.0661272
0.0230336
-0.00843576
-0.00297299
0.698876
0.00195218
1.16511
-0.00832592
-0.00294788
0.735329
0.00211444
-0.00815248
-0.00290122
0.749679
0.00226558
0.613731
0.609865
-0.102765
-0.104547
-0.100014
-0.00790977
-0.00283094
0.00240475
-0.00759249
-0.00273502
0.00253141
-0.0971648
-0.0909628
-0.00719579
-0.00261161
-0.102527
0.00264533
-0.00671554
-0.00245905
0.00274661
-0.00101075
0.802243
0.776195
-0.0339427
-0.032659
-0.00614842
-0.00227599
0.797319
-0.0233881
-0.0312881
-0.0162829
0.00283553
-0.000927501
-0.0788469
0.0110205
0.0178025
-0.00549208
-0.00206129
-0.0443532
-0.0524527
-0.0447485
-0.0526311
0.00291266
0.840519
0.653843
-0.00474529
-0.00181438
0.00297858
-0.00390874
-0.00153525
0.00303439
0.768803
-0.00298487
-0.00122466
0.00308058
-0.0383728
-0.031174
-0.0019761
-0.00088234
0.00311871
-0.000887934
-0.000505421
0.00314992
0.00027262
-9.77E-05
0.00317558
0.00149252
0.000320511
0.787422
0.00319764
0.998205
0.997919
0.996266
0.995677
0.999373
0.999273
-0.018273
-0.0127309
-0.013108
-0.0179734
-0.0123558
0.998628
0.997134
0.999521
0.00276436
0.000750715
0.795289
-0.0278013
-0.0197575
-0.019711
-0.0278563
0.00320854
-0.0132605
-0.0132893
0.00408355
0.00120628
0.00321373
-0.0636804
0.00543274
0.00167851
0.00321955
0.00679583
0.00215824
0.00322108
0.00815911
0.00263964
0.00321968
0.0180892
0.0254819
-0.00361271
-0.0087132
-0.00316336
-0.00496625
0.00950853
0.00311752
-0.068944
0.00321399
0.060753
0.07937
0.0108305
0.00358712
0.00320892
0.0121121
0.00404366
0.00319815
0.0133414
0.00448279
-0.0148996
-0.0155961
1.04155
1.02672
1.04898
0.0031762
-0.0142041
-0.0234598
-0.0203427
-0.0259263
-0.0212785
-0.0198878
-0.0180123
0.00315062
-0.0259795
-0.029685
-0.0214173
0.0145082
0.00490055
0.0156036
0.00529364
0.0031195
1.00588
0.988847
0.016621
0.00565943
0.293183
0.30056
0.335887
0.327939
0.974351
0.973394
0.284598
0.318607
0.976049
0.00308144
0.0175555
0.00599598
-0.0641548
-0.072888
-0.0553719
0.0416267
0.0412646
0.041914
-0.0866548
-0.0918795
0.00303529
0.797936
0.801787
-0.0763583
-0.0754957
-0.0807897
0.0184043
0.00630209
-0.0769857
-0.0196781
-0.0126037
-0.0125972
-0.0196473
0.0140259
0.0277608
0.00297949
0.806218
0.00104329
-0.013292
-0.0110785
-0.0115003
0.0191663
0.00657728
0.926425
1.06341
1.01813
-0.0132742
-0.0106688
-0.0433466
0.993443
0.994914
0.00291358
0.0198428
0.00682187
0.00283644
0.0204367
0.00703662
1.07271
-0.0127794
-0.0126358
0.00274749
-0.00518293
-0.0105459
0.0209517
0.00722284
0.000549869
-0.108327
-0.105941
-0.103665
-0.106064
-0.10717
-0.109504
0.00264615
0.615585
0.0213923
0.00738213
-0.112732
-0.110382
0.00253216
0.0217646
0.00751699
0.104499
-0.110797
0.00240541
0.0220747
0.00762902
-0.10275
-0.098448
-0.100925
0.123063
0.123317
0.154982
0.155269
0.0931664
0.0933774
0.00226614
0.122688
0.0928569
0.0223287
0.00772128
0.00211489
0.577866
0.0225332
0.0077957
0.0226983
0.00785705
0.00195252
-0.0271261
-0.0288298
-0.025105
-0.0311232
0.0517737
0.0328068
0.0343191
0.0540372
0.031139
0.049272
0.0228257
0.0079083
0.00178015
0.57642
0.575222
0.0879198
0.0619234
0.0628944
0.0892192
0.0607686
0.0863733
0.022927
0.00793745
0.00159921
0.573903
0.560506
-0.0619778
-0.0542835
0.0229975
0.00795314
0.00141137
0.834118
-0.0509944
-0.0587102
-0.0423788
0.00796713
0.00121848
0.572449
0.571905
-0.102413
-0.0996615
0.00797237
0.00102255
-0.104195
0.00796744
0.000825504
-0.120768
-0.122878
0.0229992
0.00795375
0.000629686
0.530593
0.0229295
0.00793837
0.000438719
0.551709
0.528649
0.586799
0.561028
0.515861
0.494455
0.0424273
0.0423043
0.06603
0.0658689
0.0228291
0.00790952
0.000253747
0.574569
0.576494
0.367229
0.395919
0.280969
0.312812
0.0227024
0.00785853
7.40E-05
-0.0433669
-0.0378233
-0.0369822
-0.0303759
-0.0292965
-0.0453683
0.0225379
0.0077974
-9.67E-05
-0.0214023
-0.0163343
-0.0170155
-0.0226796
-0.019838
0.022334
0.00772317
-0.000256075
-0.0668857
0.976364
-0.036836
-0.035291
0.0220803
0.00763106
-0.000405861
-0.027867
0.0217706
0.00751912
-0.000543185
0.679209
-0.0363634
-0.0127826
-0.013201
-0.0123564
0.0213984
0.00738429
-0.000666329
-0.101193
-0.107573
-0.0987505
-0.105124
0.0209578
0.00722501
-0.00077639
0.531917
-0.0915071
0.770468
-0.000873277
0.786483
0.0204428
0.00703875
0.0198486
0.00682393
-0.000956957
0.316133
-0.0752862
-0.0835954
-0.0812015
0.0416351
0.0419213
-0.0665827
0.0412739
0.0191718
0.00657922
-0.00102769
0.0283717
0.0337028
0.0332272
0.0184094
0.00630388
-0.0010859
0.0175601
0.00599758
-0.00836083
-0.00929208
-0.0117095
-0.00113228
-0.118045
-0.121072
-0.117251
-0.121411
-0.119705
-0.1147
0.838396
0.83395
0.016625
0.00566081
0.00411559
-0.00470841
-0.0150847
-0.00957561
-0.00914625
-0.0144496
-0.0098941
-0.0157821
-0.00116756
1
0.222651
-0.0112705
0.015607
0.00529479
-0.0143325
-0.00119254
1
0.838246
-0.0154769
-0.0155115
-0.0153648
0.0145107
0.00490144
-0.0012081
0.0658758
0.0660348
0.0133431
0.00448338
0.0656397
-0.0012151
-0.124615
-0.123536
0.0121129
0.00404392
1.02113
1.01296
1.00693
1.0112
1.0222
1.03562
-0.00121444
-0.0974752
-0.0927849
-0.0991209
-0.0942079
-0.0960064
-0.0915218
0.0108304
0.00358703
-0.0590927
-0.0566884
-0.00120701
-0.0609924
0.00950746
0.0031171
-0.00119364
0.00815709
0.0026389
-0.0011752
0.155259
0.123308
0.12305
0.154966
0.123459
0.155429
-0.0530738
-0.0502361
-0.053746
0.865473
0.00679287
0.00215717
-0.00115245
0.823101
0.00542884
0.00167712
-0.00112614
0.831063
0.0040788
0.00120462
-0.00109689
0.0902728
0.0636858
0.0628783
0.0891969
0.0027589
0.000748953
-0.00106539
0.99821
0.998634
0.997145
0.999375
0.999523
0.00148647
0.000318532
0.240591
-0.0237959
-0.0176082
-0.0170166
-0.0227067
-0.0181283
-0.0247294
-0.00103213
-0.0624244
-0.054752
0.000266093
-0.000100008
-0.124657
-0.0577861
-0.0579473
-0.0129104
-0.0127833
-0.0698214
-0.000997794
-0.013034
-0.000894908
-0.000507823
-0.000962541
1.11292
0.00605978
0.00370854
-0.00198353
-0.000884835
0.0147645
0.0230642
0.00847979
-0.000927231
0.829358
0.834808
0.823138
-0.00299274
-0.00122726
0.471088
0.496753
-0.00089151
0.816571
-0.0437891
-0.00391705
-0.00153802
-0.00085691
0.859413
0.864155
-0.0448265
-0.0486039
-0.0398393
-0.0467407
-0.00475403
-0.00181732
-0.000821459
0.155434
0.188808
0.188633
0.155487
0.188863
-0.000789112
-0.127362
-0.127257
-0.00550121
-0.0020644
-0.00615785
-0.00227925
-0.000753552
-0.00672512
-0.00246238
0.794941
-0.0897278
-0.0885009
-0.0956869
-0.000725391
-0.00261484
-0.0425081
-0.0429854
-0.00700294
-0.00498272
-0.000687894
0.437715
0.45936
-0.0027381
-0.000676012
-0.00283386
0.0263464
0.0332483
-0.0201398
-0.0212483
-0.0135089
-0.0141563
-0.0742679
-0.0737428
-0.0188048
-0.0127153
-0.000660299
-0.00816153
-0.00290402
-0.00071421
0.287327
0.276679
-0.00833496
-0.00295065
-0.112818
-0.000790305
-0.00844491
-0.00297584
0.249481
0.253503
0.242122
-0.00124261
0.214156
-0.00849719
-0.0029817
1.15144
0.1771
0.0935394
0.0934968
0.0935001
-0.00162029
-0.118033
-0.113743
-0.00849772
-0.00297033
-0.0302299
-0.0221414
-0.00845237
-0.00294383
0.0465368
0.0708068
0.0435782
-0.00166219
-0.00155549
-0.00836688
-0.00290426
-0.00124977
0.0670584
0.0465271
0.0435706
0.0630099
0.0492605
0.0707906
-0.00824672
-0.00285351
-0.0529165
-0.00117655
-0.00809707
-0.0027934
-0.0123326
-0.019499
-0.0010648
-0.0385738
-0.0229086
-0.0414597
-0.0262192
-0.0199116
-0.0358261
-0.00792275
-0.00272553
-0.00101661
-0.0077283
-0.00265152
-0.0526446
-0.0549504
-0.0500542
-0.0313361
-0.0298233
-0.037654
-0.0354064
-0.0326295
-0.039562
-0.0255361
-0.000965571
-0.0651942
-0.0670227
-0.0629411
-0.00751788
-0.00257271
1.1589
1.1513
-0.000948357
-0.00729544
-0.00249063
0.185233
0.219427
0.183828
0.217918
0.0996777
-0.000935696
-0.0437554
-0.035494
-0.0439347
-0.0439535
-0.0358667
-0.00706426
-0.00240607
-0.000934131
-0.102156
-0.102219
-0.100915
-0.00682768
-0.00232064
-0.000933951
-0.00658803
-0.00223426
-0.108793
-0.108484
-0.107304
-0.0444083
-0.000937683
-0.00634864
-0.00214941
-0.0009413
-0.00611055
-0.00206407
-0.000946098
-0.00587786
-0.00198351
0.856252
-0.000949573
-0.0126994
-0.0126389
-0.00564914
-0.0019002
-0.000961847
-0.00543396
-0.00182819
-0.0464281
-0.000995676
-0.00522693
-0.00174795
-0.0155237
-0.0145407
-0.0163262
-0.00100039
-0.00504293
-0.00170646
1.01648
-0.00100399
1.01009
-0.00487346
-0.0016677
-0.00100668
0.819564
0.817925
-0.00480025
-0.00174001
-0.00100772
0.822341
-0.00484648
-0.00188243
-0.0679185
-0.0680738
0.0293141
0.0273529
0.0311317
-0.0010072
0.826277
-0.00520524
-0.00256353
-0.0200615
-0.0170501
-0.0200716
-0.0241822
-0.0136924
-0.015512
-0.0456389
-0.00100512
0.831367
-0.00538315
-0.00314158
-0.00100344
-0.00311091
-0.00491132
-0.0010059
0.357074
0.30348
0.188214
0.242761
0.460408
-0.00100447
-0.000926115
0.532955
0.0424304
0.0423089
-0.00156094
-0.000995982
-0.118512
-0.000988665
-0.127795
-0.127856
-0.129575
-0.125312
-0.125283
-0.000983845
-0.130929
-0.130523
-0.131435
-0.103817
-0.101533
-0.105088
-0.000979463
0.36354
-0.000974918
0.324994
0.33485
-0.100365
-0.09612
0.0396187
0.0402753
0.0388404
-0.000971126
-0.0613745
-0.0697178
-0.000968695
-0.128745
-0.1279
-0.00644909
-0.00700072
-0.00500521
-0.00183885
-0.00835287
-0.00954249
-0.0117047
-0.00929258
-0.00996611
-0.0133054
-0.000969151
0.546924
0.557346
-0.000976837
0.144055
0.176986
0.144306
0.175041
0.175765
0.141577
-0.000991306
0.113336
0.114784
0.109863
0.241454
-0.00101232
0.0637011
0.0408237
-0.00103926
0.0171648
0.0386392
0.577271
-0.00108565
-0.00229395
-0.0162797
-0.0152807
-0.0201957
-0.00115483
-0.0231317
-0.026538
0.0129414
0.00763025
0.0195394
0.00282752
0.00658128
-0.00123628
-0.027541
-0.0196031
-0.0276895
-0.00131495
-0.0652861
-0.0527537
-0.0629483
0.99184
0.989654
0.572841
0.994966
0.997032
-0.00142595
-0.0763079
-0.074339
-0.107347
-0.109599
-0.105332
-0.00139504
-0.00138429
-0.0949909
-0.0387519
-0.0314542
-0.000431683
0.572941
0.00313027
-0.107558
-0.054231
-0.0559821
0.0249994
-0.11326
-0.111955
-0.111951
-0.110844
0.126742
-0.118334
-0.118054
-0.117475
-0.031174
-0.0279189
0.374242
-0.122171
-0.1221
-0.121083
-0.0340036
-0.0112175
0.548146
-0.123996
-0.0115258
0.0468799
0.633992
-0.126282
-0.0869002
-0.0846441
0.778273
1.11439
0.927013
-0.121046
-0.0693946
0.92568
0.778076
0.0619212
0.0590169
0.634223
-0.112029
-0.106195
0.0185542
0.0223734
0.0874558
0.0849258
0.548618
0.207729
0.372498
-0.0436247
1.05693
1.0361
1.05676
1.08631
-0.0463542
0.03385
0.059986
0.0933709
0.0931568
0.126141
0.0165703
0.0249183
1.0065
1.00344
1.01117
0.00312966
-0.000440456
0.0408136
0.0402647
-0.00139239
-7.24E-05
0.0191229
0.188325
-0.00140118
0.0400895
-0.0472839
-0.0575509
-0.0014317
-0.00131869
0.123463
0.12351
-0.00123831
-0.0118057
-0.0115323
-0.0120531
-0.00115643
0.141265
-0.0010865
0.170426
0.999274
0.997923
-0.0010393
0.200726
-0.0010125
-0.0601712
-0.000991827
0.114879
0.1138
0.0874356
0.0852346
-0.000977579
0.221133
0.209025
0.232216
-0.000969507
-0.0185965
-0.087327
-0.000968744
0.0171983
0.0139486
-0.00229207
-0.005447
0.0385638
0.0356115
-0.000971305
-0.00097475
-0.121455
-0.123845
-0.120455
0.53073
0.501472
-0.0447833
-0.000979451
0.508631
0.519229
-0.030166
-0.0315127
-0.0009848
0.867838
-0.000989648
0.0293202
-0.000996192
0.539193
0.0273577
-0.013612
-0.00100455
0.540875
-0.00100628
0.541353
0.982758
0.976083
0.974374
0.984805
0.97869
-0.00100406
-0.126494
0.540931
-0.00100587
0.540482
-0.00100811
0.539819
-0.130953
-0.13192
-0.0010087
0.15216
0.150899
-0.00100768
0.538453
0.537927
-0.128994
-0.00100515
-0.00100174
-0.000997181
0.539189
-0.0809716
-0.0827213
-0.0285398
-0.0201332
-0.020025
-0.0283953
0.822017
-0.000963356
0.53993
-0.0432894
-0.053768
-0.000951131
0.994934
-0.0956091
-0.000947861
0.122174
-0.000943179
-0.000939836
-0.0270597
-0.0279326
-0.000936511
-0.000936982
-0.066891
-0.0764661
-0.0672566
-0.0769823
-0.000938913
-0.00095211
-0.000969126
-0.00101968
-0.00106703
-0.0799739
-0.078031
-0.0846771
-0.0867925
-0.00117763
0.0100737
-0.00911941
0.0314134
0.9976
0.997634
0.995023
0.995091
0.99916
0.999174
-0.00798567
-0.00941455
-0.00639638
-0.00125035
0.997633
0.995088
0.999173
-0.00155504
-0.0124576
-0.00166047
-0.013364
-0.0154215
-0.0280147
-0.0275662
-0.0110617
-0.00236265
-0.00183527
0.0872554
-0.00122387
-0.00111313
0.0400225
0.0190909
-0.00104013
-0.000115158
-0.00106471
-0.0176055
-0.00108705
-0.0335944
-0.0906213
-0.0957532
-0.0928642
-0.0980889
-0.0886703
-0.0937067
-0.0288998
-0.0828644
-0.00114243
-0.0155643
-0.00118647
-0.0179649
0.237813
0.409989
0.129987
-0.00124112
0.642682
-0.0012923
-0.0992182
-0.105899
-0.00134764
-0.111453
-0.0321874
-0.0233344
-0.0236636
-0.0327834
-0.022832
-0.0313429
-0.027869
0.555595
0.678611
-0.00140197
-0.11632
0.81739
-0.00145769
-0.00151271
1.04713
1.02972
-0.00156746
0.87303
-0.0417691
-0.0499546
-0.0404033
-0.0484718
-0.0126315
-0.00162063
-0.01273
0.997735
0.995298
0.99921
-0.0339074
-0.0327251
-0.00167189
0.0772872
0.103243
0.0742125
0.0993434
0.0800323
0.106712
-0.00172028
0.0038218
-0.0100062
-0.00851809
-0.00574111
-0.00600541
0.000438203
-0.00176503
-0.00180506
1.00462
1.00291
1.00021
1.00011
-0.00183935
-0.00186677
-0.00188614
-0.00189612
-0.082449
-0.0803546
-0.0748471
-0.0871648
-0.0894211
-0.00189541
-0.129391
-0.129305
0.0677299
0.0109373
0.0134225
-0.00188254
-0.00185614
-0.00181486
-0.0017574
0.0810775
0.0263211
-0.00168252
-0.00158914
0.866379
0.0546992
0.0672729
0.0492141
0.0540611
0.0735295
0.0441744
0.0607504
-0.00147632
-0.0475726
-0.0478156
-0.0378637
-0.0380784
-0.0373271
-0.038384
0.210837
0.245281
-0.0473474
-0.0376774
-0.00134332
-0.00118969
1.13201
-0.0460329
-0.00101546
-0.000820943
-0.00060522
-0.000368017
1.01849
1.00664
1.00398
1.01079
-0.000112799
0.000153311
0.478464
0.434323
0.000429205
0.000717837
-0.033314
-0.0332915
-0.0331518
0.00101713
0.00132281
0.173754
0.00163002
0.0019353
-0.0127599
-0.0201355
0.00223563
0.00557438
-0.0131792
-0.0207549
-0.116944
1.00145
1.00014
1.00051
1.00005
0.0025279
-0.0486619
1.00121
0.00280929
0.00307721
-0.0122713
-0.0682281
-0.078248
-0.0130846
0.997738
0.999211
0.0033295
-0.0129493
0.0035644
-0.0188937
0.00378063
-0.0355147
-0.106925
0.883292
0.883847
-0.0362273
0.00397739
-0.111721
0.991871
0.987775
0.00415432
-0.115651
0.98244
0.975661
0.971182
0.182076
0.179926
-0.105393
-0.108644
0.00431162
-0.00153221
-0.118806
-0.101157
0.00444973
-0.00142545
-0.0193603
0.00456953
0.00467195
0.00475868
0.00483055
0.00488984
0.00493802
0.84232
0.840563
0.00497809
0.839975
0.00501232
-0.0304374
-0.0213818
-0.0219388
-0.0311576
0.005029
0.842277
0.845221
0.00503775
0.849422
0.438788
0.470601
0.460592
0.00504856
0.00505224
0.480001
0.495839
0.00504875
-0.041197
-0.0483231
0.00503814
-0.0128747
-0.0128075
0.999248
1.00014
0.00502959
0.519683
0.0050131
-0.125748
-0.124948
0.00497904
0.646984
0.00493911
0.341121
0.00489106
0.00483187
-0.0238353
-0.0238653
0.00476007
0.172208
-0.00638099
-0.00796955
0.00467336
-0.00463593
0.539107
-0.0763994
0.00457094
-0.0417307
0.00445112
0.00431296
0.0492319
0.00415558
0.00397855
0.00378166
-0.0574293
-0.067707
0.00356528
0.00333022
0.00307777
-0.0946387
-0.100576
-0.104927
-0.103109
-0.107491
-0.102395
1.01687
1.00624
0.00280967
1.0105
1.00377
0.00252807
0.0656306
0.00223558
-0.115484
-0.0237801
-0.0176159
0.00193504
-0.118797
-0.0431242
0.00162955
-0.121456
-0.0153063
-0.0154581
-0.0150455
0.0619068
0.0396078
0.0388293
0.0607518
0.00132212
-0.123511
0.00101623
0.000716776
0.495206
0.000428042
0.000152012
-0.000114253
1.07345
-0.000369556
-0.11005
-0.000606804
-0.104276
-0.000822576
0.174265
0.142487
0.145194
0.177369
0.139317
0.170609
-0.00101717
-0.0896077
-0.0805944
-0.0011915
-0.00134522
0.0560617
-0.00147834
0.17997
0.182118
-0.00159123
0.000907436
0.0627218
0.0620099
-0.00168456
0.019607
-0.0784292
-0.0850624
-0.00175936
0.039872
-0.00181673
1
-0.00185794
1
0.00520815
0.0162992
0.00503157
-0.00188433
-0.0205962
-0.0132223
-0.0131545
-0.020515
-0.060802
-0.0723012
-0.0479307
-0.00189726
-0.0102696
-0.00984484
-0.00189808
-0.0825001
-0.0914678
-0.00188817
0.973406
0.973088
-0.0522315
-0.0520627
-0.00186885
-0.0124658
-0.00184143
-0.105635
-0.00180714
0.406704
0.427022
-0.00176713
0.444329
0.0335496
0.037061
-0.00172238
0.459009
0.0299082
-0.00167397
0.471545
-0.00162267
-0.00156954
-0.122108
-0.118795
0.893808
-0.00151493
-0.00146004
0.502194
-0.00140452
0.504098
-0.128504
-0.00135045
0.505134
-0.00129549
0.505533
-0.00124463
0.505501
-0.00119011
0.505216
-0.00114531
0.504817
-0.00108968
0.504405
0.0162029
0.0169805
-0.0119272
-0.00106785
0.504058
-0.00104234
0.503833
-0.00111132
0.0365342
-0.00121842
0.149339
0.147439
-0.0372513
-0.0471857
-0.0383138
-0.0484344
-0.00181456
-0.00232427
0.504454
0.504889
-0.0025037
-0.00239057
0.505309
-0.126028
-0.0393923
-0.0403339
-0.00196714
-0.130933
-0.128922
-0.0962851
-0.0890607
-0.102657
-0.00184113
-0.0337427
-0.00167082
-0.00159297
0.499277
-0.0015189
0.49484
-0.02961
-0.028787
-0.0136062
-0.0139922
-0.00149189
0.488723
-0.0126353
1.00668
1.01061
-0.00147371
0.480662
0.857023
-0.00147107
0.47095
-0.00147136
0.459078
-0.00147717
0.444119
-0.00148307
0.120609
0.119526
-0.0014905
0.049213
0.0335492
0.0370581
0.0540565
-0.00149661
-0.00152714
-0.00157036
0.99839
-0.00157682
0.0500045
0.0552107
-0.0209089
-0.028506
-0.0217828
-0.0376921
-0.0372873
-0.00158273
-0.00158733
-0.00158929
-0.0472811
-0.0394272
0.0264567
-0.00158899
0.0397212
-0.0568977
0.832096
-0.00158601
0.0194961
-0.00158286
0.000825507
-0.00158413
-0.0163264
0.0283851
-0.00157894
-0.00142331
-0.0476033
-0.00156635
-0.00226968
-0.0461837
-0.0589287
-0.00155756
-0.0703508
-0.00155196
-0.0805166
-0.00154602
-0.0894849
-0.121344
1.17293
0.037929
-0.00153856
-0.0972943
-0.00153149
-0.104017
-0.0139244
0.860564
-0.00152571
-0.109829
-0.00170969
0.0421336
-0.00152374
-0.114734
-0.0015322
-0.00155071
0.845285
-0.00157736
-0.0016123
-0.0016716
-0.130847
0.840541
-0.00176183
-0.130784
0.103216
0.0993193
0.106684
0.112413
0.114684
0.109764
0.0252595
0.0230487
-0.00186477
-0.12661
-0.0019659
0.854913
-0.131744
-0.0118006
-0.00203122
-0.131719
-0.00185981
1.15196
1.10721
-0.00147477
-0.132125
-0.132148
0.000668273
0.00912025
0.0489579
0.900939
0.0594148
0.0368762
0.0578503
0.184637
-0.132139
0.457926
0.645102
-0.0368154
0.749702
0.886942
1.00455
-0.131906
-0.053288
1.00371
0.886761
0.749652
0.645312
-0.00168785
0.00410976
0.454596
0.183522
0.0486944
0.901023
0.00910043
-0.0525334
0.000654769
-0.00148775
-0.0018689
-0.00884241
-0.00862835
-0.0138262
-0.0132671
-0.00203915
-0.00197137
0.494257
-0.00186787
0.44547
-0.00176433
-0.00167311
-0.00161228
-0.00157688
0.167703
-0.00155023
-0.00153202
0.00535209
-0.0112235
-0.0108736
-0.0015232
-0.00152482
0.000884879
-0.00153093
-0.00153764
-0.00154539
-0.0583747
-0.00155287
-0.0689376
0.0252627
0.0404124
0.0230504
-0.00155886
-0.0782036
-0.00156679
-0.0015792
-0.0974036
-0.00158479
-0.104434
-0.0015839
-0.108796
-0.00158727
-0.112415
-0.00159049
-0.115316
-0.0600455
-0.0600477
-0.0601378
-0.0528937
-0.0672189
-0.00159091
-0.00158898
-0.00158455
-0.00157891
0.884143
-0.00157269
0.876823
-0.00152951
0.870976
-0.00149905
1.0062
-0.00149328
0.863474
0.86166
1.00337
-0.0014861
0.861057
0.0207386
-0.00148064
-0.00147542
0.863441
0.866501
-0.0147306
-0.00147557
0.870901
-0.00147867
0.876721
-0.00149758
-0.00152443
-0.00159798
0.53991
-0.00167473
-0.0464693
0.923096
0.933411
-0.0388172
-0.00184337
-0.124697
-0.125927
-0.00196872
-0.131093
-0.00239071
-0.00250134
0.0427513
-0.125412
-0.0994607
-0.0933233
-0.115371
-0.117782
-0.121976
-0.131757
-0.128514
-0.130538
-0.130764
-0.128694
-0.13151
0.263969
-0.0786145
-0.0320841
-0.0237693
0.000524841
0.0184989
0.0378584
-0.100004
-0.0978942
0.375309
0.912763
0.916006
0.393394
0.409317
0.423036
-0.0200049
-0.0205336
0.434778
0.0343508
0.0145275
0.0335352
0.0637343
-0.00222846
-0.0021613
-0.108245
0.462262
0.465501
0.467698
-0.124967
0.469076
0.469837
0.891721
0.470156
0.470189
0.47006
0.469867
0.635939
0.47027
0.462368
0.457859
0.451844
0.444106
0.434458
0.423185
-0.125614
0.409315
0.93464
-0.117638
-0.121873
-0.00939777
-0.0106639
0.179345
-0.0978235
0.037726
-0.100827
-0.10506
0.0183665
0.000400902
0.866553
-0.057498
-0.0686682
0.861645
-0.0786235
-0.0874289
-0.095131
-0.101837
-0.112373
-0.116317
0.91056
-0.11945
-0.121934
-0.123715
1
-0.125437
1
-0.020701
-0.0129173
-0.0132057
0.506387
-0.0740236
-0.0804225
0.199292
0.159069
-0.00411152
-0.0592475
-0.0189727
-0.0183471
-0.0247934
-0.0255198
-0.012842
-0.121506
-0.0689297
-0.101075
-0.105008
-0.108286
-0.110913
-0.114601
-0.115754
-0.116474
0.913874
0.904485
0.896775
0.890705
0.886164
0.883026
0.881187
-0.00162832
0.880576
0.88117
0.882993
-0.00215778
0.55734
0.0902939
-0.124131
-0.023692
-0.0233625
-0.023864
0.0354765
-0.019752
-0.0206591
-0.0911167
-0.0964641
-0.110911
-0.113042
1.00231
-0.116857
-0.116709
-0.131047
-0.130101
-0.128041
-0.127778
0.333285
-0.12107
-0.086293
-0.0765974
-0.0670089
-0.056274
-0.000920368
0.0161376
-0.0180192
-0.0243738
-0.0124473
0.0344482
-0.107532
-0.124868
0.343765
0.36029
0.374949
0.387704
0.398578
0.425437
0.428809
0.431226
0.432872
0.43392
-0.0232894
-0.0149665
-0.015204
-0.0235922
-0.0146798
-0.0229044
0.425537
-0.0773478
0.421013
0.415145
0.40775
0.39867
0.387787
0.375023
-0.112998
0.305962
0.166117
0.142231
0.118874
0.034329
-0.0564199
-0.0671595
-0.0767492
-0.0852339
-0.0926588
-0.0990805
-0.104563
-0.109163
-0.119777
-0.121191
-0.121131
0.571903
0.23441
0.188477
0.147619
-0.0378749
-0.0494386
-0.0594632
-0.0681683
-0.124896
-0.0757085
-0.120804
-0.0968234
-0.100303
-0.1032
-0.105572
-0.107464
0.914808
0.908634
0.904067
0.900937
0.899111
0.571511
-0.119812
-0.110729
-0.110594
-0.127086
-0.123958
-0.126794
-0.122815
-0.121199
-0.116285
-0.115579
-0.115744
-0.108419
-0.0744895
-0.0654382
-0.0552845
-0.00307486
0.108498
0.129959
0.278235
0.296239
-0.120739
0.312816
0.327839
-0.120592
0.341231
0.352961
0.363048
0.388751
0.397872
0.399764
0.388843
0.384362
0.37868
-0.113798
-0.112289
0.371648
0.353039
0.296272
0.278255
0.151757
0.129887
0.108418
0.0875407
0.0674262
0.0482074
-0.0554204
-0.0655781
-0.0746308
-0.0826398
-0.0956896
-0.114718
-0.115588
-0.115826
-0.115629
-0.11498
0.27224
0.220515
-0.0398403
-0.0501208
-0.0589854
-0.0666503
-0.073266
-0.0946986
-0.0972048
-0.115463
0.924732
0.92024
0.917188
0.915417
-0.065543
-0.0715133
0.582046
0.15182
-0.118607
0.131363
-0.0917038
-0.0130342
-0.0146655
-0.0117687
-0.103644
-0.00274143
-0.000709474
-0.0137234
0.00144605
-0.0145515
-0.0157147
-0.00850034
-0.00815741
-0.118286
-0.00809238
-0.00838597
-0.0078019
-0.0121575
0.0109442
-0.122471
-0.0178981
-0.125608
-0.0244187
-0.03153
0.363135
-0.0390196
-0.126297
0.281939
0.29557
0.266948
-0.0469399
-0.0467028
-0.123406
-0.0543936
-0.119386
-0.0619411
-0.0692178
-0.0768087
-0.076096
0.0327983
-0.0832586
-0.0824515
0.0343098
-0.108881
-0.0890519
-0.090996
-0.0881701
0.0356648
-0.109233
-0.0940786
-0.0931444
0.0368656
-0.109084
-0.0982587
-0.0972873
0.037918
-0.100543
-0.102829
-0.104118
-0.104392
-0.103649
-0.101929
-0.0992541
-0.0541617
-0.0963612
-0.0956881
-0.0913047
-0.0861888
-0.00561053
-0.0804417
-0.0743977
-0.0748926
-0.074176
-0.0676016
-0.0677994
-0.0675143
-0.089647
0.0421396
-0.060529
-0.0604054
-0.060586
0.0970722
-0.0535142
0.116641
-0.0463679
0.13652
-0.0391697
-0.0319543
-0.024157
-0.0229579
-0.0247196
-0.0168828
-0.0158308
-0.0172639
0.250702
0.0356749
-0.0239933
-0.0168207
-0.0227573
-0.0172058
-0.0245741
-0.0316971
0.307777
-0.0388205
0.318535
-0.0459652
0.327861
-0.0531008
-0.0601807
-0.0671208
0.0207386
-0.0737938
0.0183479
0.352287
-0.0800686
0.0159011
-0.0858227
-0.0909437
0.361783
-0.0953306
-0.0988991
-0.101576
0.00143405
-0.103296
-0.000722433
-0.104981
-0.106999
-0.104039
-0.00275526
-0.103764
-0.00465056
0.364364
-0.102473
0.364218
-0.100182
0.363957
-0.0969211
-0.0106812
-0.0927703
-0.0877856
-0.0820539
0.352371
-0.0756825
0.347989
-0.0687852
-0.014683
0.342535
-0.0614858
-0.0150631
-0.0539117
-0.015324
-0.0462282
-0.015476
-0.0386433
-0.0155296
-0.0314302
-0.0318354
-0.0313069
-0.0154953
-0.0243251
-0.0153834
0.266976
-0.0179127
0.250717
-0.0122532
-0.00788521
-0.0143525
0.930871
0.059455
-0.00943357
-0.0542929
-0.00903662
-0.0637474
-0.00871728
-0.0721535
-0.00849107
-0.0795608
-0.0860197
-0.108619
-0.109254
-0.106989
0.966907
0.314408
0.255516
0.203227
1
-0.0411483
-0.0500371
-0.0576938
-0.0642889
-0.0699628
-0.0940511
1
0.0592674
-0.0882327
-0.0903527
0.944943
0.938992
0.934686
0.931782
0.930107
0.963867
0.11568
-0.085682
-0.0950818
-0.0954915
-0.0956392
-0.117265
-0.116931
-0.121073
-0.124219
-0.12617
-0.126876
-0.12633
-0.124551
-0.121536
-0.117426
-0.101181
-0.101631
-0.10168
-0.0527485
-0.00833658
0.0677388
-9.09E-06
-1.38E-05
-4.83E-05
-3.26E-05
0
0
0.0850215
-4.72E-06
-1.71E-05
0
0.10271
-4.19E-06
-1.55E-05
0
0.12064
-3.68E-06
-1.36E-05
0
-3.80E-06
-1.40E-05
0
-3.83E-06
-1.42E-05
0
-0.105369
-4.10E-06
-1.51E-05
0
0.223189
-4.24E-06
-1.57E-05
0
0.237792
-4.47E-06
-1.65E-05
0
-4.65E-06
-1.72E-05
0
-4.87E-06
-1.80E-05
0
0.293113
-5.07E-06
-1.87E-05
0
-5.28E-06
-1.95E-05
0
-5.50E-06
-2.03E-05
0
-5.71E-06
-2.11E-05
0
-5.92E-06
-2.18E-05
0
-6.12E-06
-2.26E-05
0
-6.31E-06
-2.33E-05
0
-6.49E-06
-2.40E-05
0
-6.66E-06
-2.46E-05
0
-6.81E-06
-2.51E-05
0
-6.93E-06
-2.56E-05
0
-7.03E-06
-2.59E-05
0
-7.09E-06
-2.61E-05
0
0.328846
-7.12E-06
-2.62E-05
0
0.328628
-7.10E-06
-2.62E-05
0
0.328271
-7.04E-06
-2.59E-05
0
0.327728
-6.92E-06
-2.55E-05
0
-6.74E-06
-2.48E-05
0
-6.50E-06
-2.39E-05
0
-6.18E-06
-2.27E-05
0
0.316209
-5.80E-06
-2.13E-05
0
0.31198
-5.34E-06
-1.96E-05
0
0.306797
-4.80E-06
-1.76E-05
0
-4.18E-06
-1.53E-05
0
-3.48E-06
-1.28E-05
0
-2.69E-06
-9.85E-06
0
-1.84E-06
-6.69E-06
0
0.237822
-9.27E-07
-3.34E-06
0
0.223208
6.88E-08
3.10E-07
0
1.12E-06
4.20E-06
0
2.19E-06
8.16E-06
0
3.30E-06
1.23E-05
0
4.45E-06
1.65E-05
0
5.61E-06
2.08E-05
0
6.77E-06
2.50E-05
0
7.91E-06
2.92E-05
0
0.0509209
9.02E-06
3.33E-05
0
1.01E-05
3.73E-05
0
1.11E-05
4.10E-05
0
1.21E-05
4.46E-05
0
1.30E-05
4.79E-05
0
-0.0528697
1.38E-05
5.10E-05
0
-0.0615051
1.46E-05
5.37E-05
0
-0.0691765
1.53E-05
5.62E-05
0
-0.0758999
1.59E-05
5.85E-05
0
-0.0817222
1.64E-05
6.04E-05
0
1.69E-05
6.21E-05
0
1.72E-05
6.35E-05
0
-0.0990724
1.76E-05
6.48E-05
0
-0.100525
1.79E-05
6.58E-05
0
-0.101427
1.81E-05
6.66E-05
0
-0.101832
1.83E-05
6.73E-05
0
1.84E-05
6.79E-05
0
1.85E-05
6.83E-05
0
1.86E-05
6.85E-05
0
-0.0991603
-0.0975547
1.87E-05
6.87E-05
0
-0.0956376
1.89E-05
6.87E-05
0
1.91E-05
6.84E-05
0
1.89E-05
6.87E-05
0
1.87E-05
6.88E-05
0
1.86E-05
6.86E-05
0
1.85E-05
6.83E-05
0
1.84E-05
6.79E-05
0
1.83E-05
6.73E-05
0
1.81E-05
6.66E-05
0
1.79E-05
6.58E-05
0
1.76E-05
6.48E-05
0
1.73E-05
6.36E-05
0
1.69E-05
6.21E-05
0
1.64E-05
6.04E-05
0
0.436005
0.362682
1.59E-05
5.85E-05
0
0.295302
1.53E-05
5.63E-05
0
0.235016
1.46E-05
5.38E-05
0
0.182846
1.38E-05
5.10E-05
0
1.30E-05
4.79E-05
0
0.672985
0.625347
1.21E-05
4.46E-05
0
1.11E-05
4.10E-05
0
1.01E-05
3.73E-05
0
9.02E-06
3.33E-05
0
7.91E-06
2.92E-05
0
-0.0415758
-0.0327166
-0.0490561
6.77E-06
2.50E-05
0
-0.055498
5.61E-06
2.08E-05
0
-0.0610284
4.45E-06
1.65E-05
0
-0.0657725
3.30E-06
1.22E-05
0
2.19E-06
8.15E-06
0
1.12E-06
4.18E-06
0
6.19E-08
2.89E-07
0
-9.34E-07
-3.37E-06
0
-1.84E-06
-6.72E-06
0
-2.70E-06
-9.88E-06
0
-3.49E-06
-1.28E-05
0
-4.19E-06
-1.54E-05
0
-4.80E-06
-1.76E-05
0
-0.0863558
-5.34E-06
-1.96E-05
0
-5.81E-06
-2.13E-05
0
-6.19E-06
-2.28E-05
0
-0.0855783
-6.50E-06
-2.39E-05
0
-6.75E-06
-2.48E-05
0
-6.93E-06
-2.55E-05
0
-7.05E-06
-2.59E-05
0
-7.11E-06
-2.62E-05
0
0.957047
-7.13E-06
-2.63E-05
0
0.951441
-7.10E-06
-2.62E-05
0
0.947428
-7.04E-06
-2.59E-05
0
0.944744
-6.94E-06
-2.56E-05
0
0.943203
-6.82E-06
-2.51E-05
0
0.942696
-6.67E-06
-2.46E-05
0
-6.50E-06
-2.40E-05
0
-6.32E-06
-2.33E-05
0
-6.13E-06
-2.26E-05
0
0.975315
-5.92E-06
-2.19E-05
0
-5.72E-06
-2.11E-05
0
-5.50E-06
-2.03E-05
0
-5.29E-06
-1.95E-05
0
-5.08E-06
-1.88E-05
0
-4.88E-06
-1.80E-05
0
-4.66E-06
-1.72E-05
0
-4.48E-06
-1.65E-05
0
0.0986019
-4.26E-06
-1.57E-05
0
-4.10E-06
-1.52E-05
0
-3.84E-06
-1.42E-05
0
-3.81E-06
-1.41E-05
0
-3.69E-06
-1.36E-05
0
-4.18E-06
-1.54E-05
0
-4.70E-06
-1.71E-05
0
-8.97E-06
-3.22E-05
0
0.251299
-1.36E-05
-4.74E-05
0
-1.27E-05
-9.92E-06
-4.46E-05
-3.62E-05
0
0
-0.0788358
-7.09E-06
-2.61E-05
0
-6.80E-06
-2.51E-05
0
-0.082687
-6.10E-06
-2.25E-05
0
-5.88E-06
-2.17E-05
0
-0.0865459
-5.50E-06
-2.03E-05
0
-5.41E-06
-2.00E-05
0
-5.33E-06
-1.97E-05
0
-5.33E-06
-1.97E-05
0
-5.36E-06
-1.96E-05
0
-5.41E-06
-1.96E-05
0
-5.40E-06
-1.97E-05
0
-5.40E-06
-1.99E-05
0
-5.45E-06
-2.00E-05
0
-5.42E-06
-2.00E-05
0
-5.63E-06
-2.08E-05
0
-5.74E-06
-2.11E-05
0
-5.74E-06
-2.11E-05
0
-5.76E-06
-2.12E-05
0
-5.77E-06
-2.12E-05
0
-5.78E-06
-2.12E-05
0
-5.77E-06
-2.11E-05
0
-5.77E-06
-2.11E-05
0
-0.115468
-5.79E-06
-2.12E-05
0
-0.119611
-5.79E-06
-2.11E-05
0
-0.122651
-1.38E-05
-4.69E-05
-5.76E-06
-2.09E-05
0
-5.73E-06
-2.08E-05
0
-5.73E-06
-2.07E-05
0
-5.72E-06
-2.07E-05
0
-0.122587
-5.72E-06
-2.06E-05
0
-0.11949
-5.73E-06
-2.05E-05
0
-0.115235
-5.76E-06
-2.05E-05
0
-5.81E-06
-2.06E-05
0
-5.91E-06
-2.08E-05
0
-6.05E-06
-2.12E-05
0
-0.0870151
-6.27E-06
-2.18E-05
0
-6.52E-06
-2.25E-05
0
-6.92E-06
-2.38E-05
0
-0.0924693
-7.51E-06
-2.56E-05
0
-8.53E-06
-2.89E-05
0
-9.10E-06
-3.03E-05
0
-1.13E-05
-3.79E-05
0
-1.26E-05
-3.90E-05
0
-1.91E-05
-5.73E-05
0
-1.58E-05
-3.14E-05
0
-6.94E-05
-0.00020123
0
-0.000153196
-0.000127738
0
0.00110503
0.00372592
0
0.0350155
0.0629781
0
0.0435135
0.0942876
0
-0.0110275
0.0455104
0.0994621
0
0.0688398
0.14669
0
0.108033
0.224013
0
0.0572519
0.107774
0.0688593
0.22347
0.146724
0
0
0.0727239
0.0456053
0.0996482
0
0.0885365
0.0435499
0.094363
0
0.104544
0.0350275
0.0629863
0
0.00110343
0.00372023
0
-0.000152449
-0.000126817
0
-6.92E-05
-0.000200597
0
0.19595
-1.59E-05
-3.17E-05
0
0.208998
-1.91E-05
-5.74E-05
0
0.221097
-1.26E-05
-3.92E-05
0
-1.14E-05
-3.80E-05
0
-9.11E-06
-3.03E-05
0
0.258929
-8.54E-06
-2.89E-05
0
-7.52E-06
-2.56E-05
0
-6.92E-06
-2.38E-05
0
-6.52E-06
-2.25E-05
0
-6.27E-06
-2.18E-05
0
-6.06E-06
-2.12E-05
0
-5.91E-06
-2.09E-05
0
-5.81E-06
-2.06E-05
0
-5.76E-06
-2.05E-05
0
-5.73E-06
-2.05E-05
0
-5.72E-06
-2.06E-05
0
-5.72E-06
-2.07E-05
0
-0.0223047
-5.74E-06
-2.08E-05
0
-5.74E-06
-2.08E-05
0
0.293328
-5.76E-06
-2.10E-05
0
0.293058
-5.80E-06
-2.11E-05
0
-5.80E-06
-2.12E-05
0
-5.77E-06
-2.11E-05
0
-5.77E-06
-2.12E-05
0
-5.78E-06
-2.12E-05
0
-5.78E-06
-2.12E-05
0
0.280466
-5.77E-06
-2.12E-05
0
0.276442
-5.75E-06
-2.12E-05
0
0.271575
-5.75E-06
-2.11E-05
0
-5.64E-06
-2.09E-05
0
-5.43E-06
-2.00E-05
0
0.242228
-5.46E-06
-2.01E-05
0
-5.41E-06
-2.00E-05
0
-5.41E-06
-1.98E-05
0
-5.42E-06
-1.96E-05
0
0.195967
-5.37E-06
-1.97E-05
0
-5.35E-06
-1.98E-05
0
-5.35E-06
-1.98E-05
0
-5.44E-06
-2.01E-05
0
-5.53E-06
-2.04E-05
0
-5.89E-06
-2.18E-05
0
0.0421766
-6.12E-06
-2.26E-05
0
-6.80E-06
-2.51E-05
0
-7.08E-06
-2.61E-05
0
-0.0111254
-9.91E-06
-3.61E-05
0
-0.0224355
-1.27E-05
-4.45E-05
0
-0.0328571
-0.000116257
-8.02E-05
-4.27E-05
-3.89E-05
-3.44E-05
-3.54E-05
-0.0766561
-3.58E-05
-0.0810142
-3.82E-05
-0.0846329
-3.96E-05
-0.0875581
-4.16E-05
-0.0898372
-4.33E-05
-0.0915182
-4.53E-05
-0.0926479
-4.72E-05
-0.0932753
-4.92E-05
-0.0934479
-5.11E-05
-5.31E-05
-5.50E-05
-5.69E-05
-5.87E-05
-0.0870062
-6.04E-05
-6.19E-05
-6.32E-05
-6.44E-05
-6.52E-05
-0.0809347
-6.58E-05
-6.60E-05
-6.58E-05
-6.52E-05
0.419139
0.341371
-6.40E-05
0.271644
-6.23E-05
0.21089
-6.00E-05
0.15983
-5.71E-05
-5.35E-05
-4.91E-05
-4.41E-05
-3.83E-05
-3.18E-05
-2.45E-05
-0.0470942
-0.0409357
-1.66E-05
-0.0523534
-8.11E-06
-0.0568559
1.07E-06
-0.0607101
1.09E-05
2.09E-05
3.12E-05
4.18E-05
-0.0713103
5.25E-05
6.32E-05
7.38E-05
8.41E-05
-0.0775138
9.40E-05
0.000103479
0.000112411
0.000120737
0.000128408
0.000135392
0.000141675
0.000147263
-1.35E-05
-4.60E-05
0.000152165
-1.20E-05
-4.09E-05
0.000156418
0.000160046
0.967249
0.000163119
0.96214
0.000165654
0.958521
0.000167747
0.956119
0.000169486
0.954745
0.000170902
0.954294
0.000172019
0.0001726
0.00017306
0.00017322
0.984252
0.000173038
0.000173228
0.000173074
0.000172621
0.000172047
0.000170936
0.000169525
0.000167791
0.000165702
0.0806504
0.000163169
0.0532748
0.000160097
0.0306906
0.000156469
0.000152217
0.000147313
0.000141722
0.000135435
0.000128445
0.000120769
0.000112437
0.000103498
9.40E-05
-0.0743828
8.41E-05
7.38E-05
6.32E-05
-0.0774078
5.25E-05
-0.0892114
4.18E-05
3.11E-05
2.08E-05
1.08E-05
1.02E-06
-8.16E-06
-1.66E-05
-2.46E-05
-0.0860935
-3.19E-05
-3.84E-05
-4.42E-05
-4.92E-05
-5.35E-05
-5.72E-05
-6.01E-05
-6.24E-05
-6.41E-05
1
1
-6.52E-05
1
1
-6.59E-05
-6.61E-05
-6.59E-05
-6.53E-05
-6.44E-05
-0.11394
-6.33E-05
-0.117991
-6.20E-05
-0.120911
-6.04E-05
-5.88E-05
-5.70E-05
-5.51E-05
-0.120466
-5.32E-05
-0.117273
-5.12E-05
-0.112946
-4.93E-05
-4.73E-05
-4.54E-05
-4.35E-05
-4.18E-05
-0.0776405
-3.97E-05
-3.83E-05
-3.59E-05
-0.0829637
-3.55E-05
-3.45E-05
-3.88E-05
-4.25E-05
-7.92E-05
-0.000114252
-0.070688
-0.000108381
-9.02E-05
-0.066277
-6.58E-05
-6.32E-05
-5.68E-05
-5.46E-05
-5.13E-05
-5.04E-05
-0.0133929
-4.96E-05
-4.96E-05
-4.95E-05
-4.97E-05
-4.99E-05
0.0605327
-5.02E-05
0.0744772
-5.05E-05
0.0885922
-5.06E-05
0.102747
-5.27E-05
0.116799
-5.32E-05
-5.34E-05
-5.36E-05
0.169238
-5.37E-05
0.180796
-5.36E-05
0.19154
-5.35E-05
-5.35E-05
-5.37E-05
0.225454
-5.36E-05
-1.20E-05
-4.08E-05
0.231633
-5.32E-05
-0.000110719
0.236947
-5.29E-05
-5.28E-05
-5.26E-05
-5.25E-05
-5.24E-05
-5.25E-05
-5.27E-05
-5.34E-05
0.257955
-5.44E-05
0.258131
-5.61E-05
-0.0388791
0.258191
-5.79E-05
0.258139
-6.11E-05
0.257971
-6.59E-05
0.257671
-7.41E-05
-7.82E-05
-9.65E-05
-9.98E-05
-0.000139278
-9.34E-05
-0.000415389
0.241515
1.79E-05
0.237007
0.00870786
0.0962048
0.152151
0.16283
0.23387
0.346152
0.169254
0.345333
0.233907
0.156955
0.163094
0.144028
0.152272
0.0961908
0.00869204
0.0885532
1.86E-05
-0.0004144
-9.41E-05
0.0335662
-0.000139534
0.0208317
-0.000100129
0.0087065
-9.68E-05
-0.00274725
-7.83E-05
-0.013481
-7.41E-05
-0.0234522
-6.60E-05
-0.0326291
-6.12E-05
-5.79E-05
-5.61E-05
-5.45E-05
-5.34E-05
-5.28E-05
-5.25E-05
-5.24E-05
-0.0799454
-5.25E-05
-0.0817767
-5.26E-05
-5.29E-05
-5.30E-05
-5.32E-05
-0.084202
-5.36E-05
-0.0838069
-5.37E-05
-0.083098
-5.35E-05
-5.36E-05
-5.37E-05
-5.37E-05
-0.0775843
-5.36E-05
-5.35E-05
-5.33E-05
-5.28E-05
-5.06E-05
-5.06E-05
-5.03E-05
-5.00E-05
-4.98E-05
-4.97E-05
0.4871
-4.98E-05
0.396429
-4.98E-05
0.31468
-5.06E-05
0.243591
-5.15E-05
-5.48E-05
-5.69E-05
-6.32E-05
-6.58E-05
-9.01E-05
-0.00802231
-0.000108223
-0.000233978
-0.000165051
-0.0392341
-9.00E-05
-0.0441202
-8.18E-05
-0.0482651
-7.27E-05
-0.0518079
-7.48E-05
-0.0548377
-7.55E-05
-8.05E-05
-8.34E-05
-8.77E-05
-9.13E-05
-9.55E-05
-9.94E-05
-0.000103586
-0.000107663
-0.000111786
-0.068055
-0.000115792
-0.067926
-0.000119693
-0.0676167
-0.000123415
-0.000126912
-0.000130099
-0.0001329
-0.000135236
-0.000137022
-0.000138161
1.0158
-0.000138567
-0.000138111
-0.000136691
-0.000134218
-0.000130589
0.968041
-0.000125704
0.965969
-0.000119468
0.96479
-0.00011182
0.964403
-0.000102699
-9.21E-05
-7.99E-05
-6.62E-05
-5.08E-05
-3.40E-05
0.990836
-1.62E-05
3.04E-06
0.0625443
0.0385824
-0.0878805
0.019305
0.00391342
-0.00861436
-0.0549193
-0.000108684
-9.68E-05
-0.0655439
-0.0678272
-0.0836684
-0.0873968
-0.112326
-0.116236
-0.119026
-0.11056
-0.0728371
-0.0640279
-0.0603579
1
1
0.0731517
0.0854443
0.0976508
0.162865
0.171547
0.179452
0.203223
0.207326
0.222971
0.223155
0.223217
0.223162
0.222985
0.222672
0.207378
0.203274
0.143341
0.132607
-0.0599509
0.121341
0.0731174
-9.67E-05
-0.000220289
0.0254217
0.0143894
0.00388767
-0.00602153
-0.0152906
-0.0238829
-0.0317696
-0.0729522
-0.0677529
0.46512
0.367671
0.282782
0.211637
-0.0124881
-0.0364627
-0.0401615
-0.0432952
-0.0459737
-0.0482643
-0.054956
-0.0580893
-0.0579488
1.03486
1.01781
0.995245
0.20882
0.0450588
0.0249828
0.00922978
-0.00309069
-0.012945
-0.0366439
-0.0563414
-0.0579876
-0.0580315
-0.0569085
-0.0813425
-0.116136
-0.0866081
-0.0861978
-0.110611
-0.108124
-0.0507201
-0.0641846
-0.0609096
-0.0590111
-0.0566079
0.0585668
0.135342
0.142849
0.149709
0.170565
0.174221
0.177325
0.188306
0.18862
0.188802
0.11853
0.10932
0.0996752
0.0585369
0.0180371
0.00869951
-0.000174358
-0.00852975
-0.0163253
-0.0235298
-0.0301208
-0.0624056
0.436654
0.332578
0.245833
0.176545
-0.032673
-0.0353218
-0.037574
-0.0457001
-0.0481006
-0.0479656
-0.0457544
1.05146
1.03194
1.01719
0.99806
0.173869
0.0290668
0.0131467
0.000990408
-0.00830525
-0.01561
-0.0327955
-0.0469749
-0.0481038
-0.0480954
-0.0479919
-0.0790287
-0.115237
-0.0854823
-0.0777943
-0.0850899
-0.108816
-0.0789046
-0.0415218
-0.0517449
-0.0503535
-0.0485443
-0.0366005
0.0451674
0.109284
0.115625
0.12144
0.13928
0.14245
0.145157
0.149375
0.147476
-0.0524621
0.135652
0.131468
0.0951493
0.0874306
0.0793674
0.0451419
0.0116894
0.00401676
-0.0032574
-0.0276088
-0.0486109
1
1
-0.0517212
1
1
1
1
1.00223
1
1.0012
1
1.00051
1
1.00005
1
0.999738
1
1
1
1
1
1
1
0.401059
1
1
0.290975
1
1
1
0.999736
1
1
1
1
1
1
1
-0.0233282
-0.0258909
1
1.01741
1
-0.0279894
-0.0297665
1.02822
1
1.04576
1
-0.031288
-0.0368281
-0.0373267
-0.036614
1.01441
0.999481
0.13682
0.0154486
0.00368467
-0.00500636
-0.0114933
-0.0165013
-0.0280608
-0.0383984
-0.0383651
-0.0382521
-0.0768708
-0.114394
-0.1143
-0.113063
-0.0974779
-0.0912686
-0.0840255
-0.106957
-0.0766729
-0.0327103
-0.0422598
-0.0413076
-0.0400242
0.0672708
0.073523
0.0794571
0.0850324
0.0902175
0.0949856
0.109734
0.112383
0.114654
0.11658
0.118194
0.118222
0.11661
0.095007
-0.0521699
0.000511346
-0.00522407
-0.024231
-0.0364195
-0.0384375
-0.0400771
-0.0433321
-0.0434514
-0.0411907
-0.028539
-0.0282123
-0.0280616
-0.0279317
0.0993191
-0.00289503
-0.00850169
-0.0125795
-0.0156638
-0.0291122
-0.0290217
-0.0288345
-0.0286503
-0.0285061
-0.0276942
-0.108309
-0.110506
-0.111615
-0.111609
-0.11049
-0.0745631
-0.0665947
-0.0583127
-0.0216165
-0.0225795
-0.0235643
-0.0227558
0.0586667
0.0741942
0.0772671
0.0800107
0.0824285
0.0845345
0.08635
0.0878969
0.0845576
0.0824511
0.0389876
1.16632
-0.0264894
-0.0017394
-0.00603704
-0.020109
-0.0288692
-0.0302695
-0.0313829
-0.0333556
-0.0333336
-0.0331478
-0.0328184
-0.0323648
-0.0318054
-0.0203342
-0.019899
-0.0198028
-0.019726
0.112635
-0.020358
-0.0932292
-0.109255
-0.0172341
-0.00274352
0.000458163
0.0185643
0.0404071
0.0517607
0.0540229
0.0560463
0.0578341
0.0593981
0.0261707
-0.00276487
-0.00576373
-0.00854192
-0.0110866
-0.0133899
-0.0154482
-0.0221692
-0.0228599
-0.0238944
-0.0237987
-0.0224501
-0.0215044
-0.0131414
-0.0133087
-0.0127293
-0.0126747
-0.0126336
1.00144
0.999244
0.0682751
-0.0104669
-0.0129048
