275.675
275.676
275.675
275.675
275.677
275.677
275.679
275.679
275.681
275.681
275.683
275.684
275.686
275.686
275.688
275.688
275.691
275.691
275.694
275.694
275.696
275.696
275.676
275.676
275.674
275.675
275.678
275.678
275.679
275.679
275.68
275.68
275.681
275.681
275.681
275.682
275.682
275.682
275.682
275.682
275.682
275.682
275.682
275.682
275.682
275.682
275.676
275.676
275.682
275.682
275.682
275.682
275.681
275.682
275.681
275.681
275.68
275.68
275.679
275.679
275.678
275.678
275.697
275.697
275.675
275.676
275.694
275.694
275.696
275.696
275.691
275.691
275.688
275.688
275.686
275.686
275.683
275.683
275.681
275.681
275.679
275.679
275.677
275.677
275.697
275.697
275.697
275.697
275.697
275.697
275.698
275.698
275.698
275.698
275.698
275.698
275.699
275.698
275.699
275.699
275.699
275.699
275.699
275.699
275.699
275.698
275.697
275.696
275.698
275.698
275.698
275.698
275.698
275.698
275.697
275.697
275.697
275.697
275.697
275.697
275.689
275.689
275.691
275.691
275.688
275.687
275.689
275.691
275.688
275.689
275.69
275.688
275.69
275.688
275.69
275.686
275.688
275.686
275.685
275.688
275.687
275.689
275.687
275.687
275.689
275.688
275.689
275.686
275.686
275.689
275.69
275.69
275.689
275.686
275.686
275.686
275.691
275.691
275.69
275.688
275.69
275.69
275.688
275.692
275.692
275.69
275.69
275.692
275.687
275.687
275.693
275.693
275.692
275.691
275.692
275.686
275.685
275.685
275.684
275.686
275.688
275.685
275.685
275.687
275.685
275.691
275.691
275.689
275.688
275.689
275.685
275.683
275.686
275.683
275.687
275.686
275.687
275.685
275.684
275.685
275.683
275.684
275.686
275.684
275.685
275.693
275.685
275.685
275.692
275.692
275.685
275.685
275.692
275.692
275.684
275.694
275.694
275.682
275.694
275.694
275.683
275.682
275.693
275.693
275.694
275.691
275.694
275.686
275.685
275.687
275.694
275.691
275.693
275.684
275.685
275.687
275.693
275.689
275.682
275.681
275.682
275.681
275.682
275.681
275.684
275.682
275.681
275.693
275.691
275.684
275.689
275.694
275.693
275.691
275.694
275.694
275.683
275.683
275.694
275.683
275.684
275.684
275.684
275.683
275.683
275.683
275.696
275.696
275.684
275.683
275.684
275.685
275.696
275.696
275.696
275.695
275.696
275.696
275.693
275.696
275.693
275.68
275.695
275.696
275.682
275.681
275.68
275.684
275.682
275.696
275.696
275.695
275.695
275.695
275.695
275.68
275.682
275.681
275.68
275.689
275.687
275.685
275.683
275.69
275.685
275.686
275.681
275.68
275.679
275.694
275.688
275.681
275.694
275.69
275.679
275.68
275.678
275.692
275.678
275.692
275.676
275.678
275.68
275.682
275.684
275.686
275.688
275.691
275.694
275.676
275.678
275.679
275.68
275.681
275.682
275.682
275.682
275.682
275.683
275.675
275.682
275.682
275.682
275.682
275.681
275.68
275.68
275.678
275.676
275.675
275.696
275.694
275.691
275.688
275.686
275.684
275.681
275.68
275.678
275.676
275.696
275.696
275.697
275.697
275.697
275.698
275.698
275.698
275.698
275.698
275.696
275.698
275.698
275.698
275.698
275.697
275.697
275.697
275.696
275.696
275.676
275.678
275.68
275.682
275.684
275.686
275.688
275.691
275.694
275.677
275.678
275.68
275.681
275.681
275.682
275.682
275.682
275.683
275.683
275.683
275.675
275.682
275.682
275.682
275.681
275.681
275.68
275.678
275.677
275.675
275.696
275.694
275.691
275.688
275.686
275.684
275.682
275.68
275.678
275.676
275.696
275.696
275.696
275.697
275.697
275.698
275.698
275.698
275.698
275.698
275.696
275.698
275.698
275.698
275.697
275.697
275.697
275.696
275.696
275.696
275.677
275.678
275.68
275.682
275.684
275.686
275.688
275.691
275.693
275.677
275.679
275.68
275.681
275.681
275.682
275.682
275.683
275.683
275.683
275.676
275.683
275.683
275.682
275.682
275.681
275.681
275.68
275.679
275.677
275.676
275.695
275.693
275.691
275.688
275.686
275.684
275.682
275.68
275.678
275.677
275.696
275.696
275.696
275.697
275.697
275.697
275.697
275.698
275.698
275.698
275.695
275.698
275.698
275.697
275.697
275.697
275.697
275.696
275.696
275.696
275.677
275.679
275.68
275.682
275.684
275.686
275.688
275.691
275.693
275.678
275.679
275.68
275.681
275.682
275.682
275.683
275.683
275.683
275.683
275.683
275.676
275.683
275.683
275.682
275.682
275.681
275.68
275.679
275.678
275.676
275.695
275.693
275.691
275.688
275.686
275.684
275.682
275.68
275.679
275.677
275.695
275.695
275.696
275.696
275.697
275.697
275.697
275.697
275.697
275.697
275.695
275.697
275.697
275.697
275.697
275.682
275.697
275.696
275.696
275.695
275.695
275.694
275.678
275.679
275.681
275.683
275.684
275.678
275.686
275.688
275.691
275.693
275.678
275.68
275.681
275.681
275.682
275.682
275.683
275.683
275.683
275.683
275.683
275.678
275.677
275.683
275.683
275.683
275.682
275.682
275.681
275.694
275.681
275.68
275.678
275.677
275.694
275.693
275.691
275.688
275.686
275.684
275.683
275.681
275.679
275.678
275.695
275.695
275.695
275.696
275.696
275.696
275.697
275.697
275.697
275.697
275.694
275.697
275.697
275.697
275.696
275.696
275.696
275.695
275.695
275.695
